424
0 0.032010 -0.193173 -0.000622 0.000001 -0.000002 0.000000 0.000000 0.000000 0.000000 
0 0.032041 -0.193814 -0.003992 0.000007 -0.000011 0.000000 0.000000 0.000000 0.000000 
0 0.032019 -0.194688 -0.008725 0.000014 -0.000027 0.000000 0.000000 0.000000 0.000000 
0 0.031850 -0.195533 -0.012651 0.000018 -0.000050 0.000000 0.000000 0.000000 0.000000 
0 0.031436 -0.196118 -0.017901 0.000020 -0.000078 0.000000 0.000000 -0.000001 0.000000 
0 0.030658 -0.196290 -0.023242 0.000016 -0.000112 0.000000 0.000000 -0.000001 0.000000 
0 0.029692 -0.195993 -0.027204 0.000010 -0.000150 0.000000 0.000000 -0.000001 0.000000 
0 0.028621 -0.195167 -0.030293 0.000002 -0.000191 0.000000 0.000000 -0.000001 0.000000 
0 0.027323 -0.193807 -0.031805 -0.000008 -0.000235 0.000000 0.000000 -0.000001 0.000000 
0 0.025687 -0.192012 -0.032431 -0.000021 -0.000280 0.000000 0.000000 -0.000001 0.000000 
0 0.024215 -0.190174 -0.029748 -0.000035 -0.000325 0.000000 0.000000 -0.000001 0.000000 
0 0.022871 -0.188791 -0.000834 -0.000046 -0.000367 0.000000 0.000000 -0.000001 0.000000 
0 0.020992 -0.187659 0.023356 -0.000050 -0.000406 0.000000 0.000000 -0.000001 0.000000 
0 0.018271 -0.186302 0.039358 -0.000049 -0.000443 0.000000 0.000000 -0.000001 0.000000 
0 0.015098 -0.184727 0.047294 -0.000042 -0.000481 0.000000 0.000000 -0.000001 0.000000 
0 0.012131 -0.182881 0.043626 -0.000034 -0.000518 0.000000 0.000000 -0.000001 0.000000 
0 0.009712 -0.180876 0.034204 -0.000027 -0.000554 0.000000 0.000000 -0.000001 0.000000 
0 0.008026 -0.178751 0.025145 -0.000018 -0.000588 0.000000 0.000000 -0.000001 0.000000 
0 0.007115 -0.176497 0.012395 -0.000003 -0.000621 0.000000 0.000000 -0.000001 0.000000 
0 0.006950 -0.174185 -0.004584 0.000014 -0.000652 0.000000 0.000000 -0.000001 0.000000 
0 0.007290 -0.171824 -0.026953 0.000030 -0.000684 0.000000 0.000000 -0.000001 0.000000 
0 0.007765 -0.169582 -0.044448 0.000042 -0.000714 0.000000 0.000000 -0.000001 0.000000 
0 0.007761 -0.166772 -0.037362 0.000050 -0.000741 0.000000 0.000000 0.000000 0.000000 
0 0.007288 -0.163383 -0.011527 0.000055 -0.000768 0.000000 0.000000 0.000000 0.000000 
0 0.006744 -0.159215 0.034694 0.000060 -0.000793 0.000000 0.000000 0.000000 0.000000 
0 0.006049 -0.154537 0.071082 0.000064 -0.000817 0.000000 0.000000 0.000000 0.000000 
0 0.005395 -0.149595 0.076965 0.000068 -0.000841 0.000000 0.000000 0.000000 0.000000 
0 0.004927 -0.145026 0.073040 0.000072 -0.000862 0.000000 0.000000 0.000000 0.000000 
0 0.004574 -0.140253 0.067769 0.000075 -0.000882 0.000000 0.000000 0.000000 0.000000 
0 0.004447 -0.135686 0.064444 0.000078 -0.000900 0.000000 0.000000 0.000000 0.000000 
0 0.004635 -0.131932 0.045996 0.000083 -0.000918 0.000000 0.000000 0.000000 0.000000 
0 0.004788 -0.128116 0.022848 0.000088 -0.000935 0.000000 0.000000 0.000000 0.000000 
0 0.005359 -0.124625 0.005579 0.000093 -0.000950 0.000000 0.000000 0.000000 0.000000 
0 0.006370 -0.121614 0.001481 0.000098 -0.000962 0.000000 0.000000 0.000000 0.000000 
0 0.007072 -0.118744 -0.016964 0.000104 -0.000972 0.000000 0.000000 0.000000 0.000000 
0 0.007587 -0.116071 -0.065215 0.000108 -0.000980 0.000000 0.000000 0.000000 0.000000 
0 0.007912 -0.113141 -0.115738 0.000112 -0.000988 0.000000 0.000000 0.000000 0.000000 
0 0.008238 -0.110157 -0.165877 0.000115 -0.000992 0.000000 0.000000 0.000000 0.000000 
0 0.008515 -0.107266 -0.190555 0.000119 -0.000991 0.000000 0.000000 0.000000 0.000000 
0 0.007561 -0.104560 -0.120306 0.000125 -0.000990 0.000000 0.000000 0.000000 0.000000 
0 0.004775 -0.101916 0.059886 0.000124 -0.000985 0.000000 0.000000 0.000000 0.000000 
0 -0.000072 -0.099089 0.301162 0.000121 -0.000979 0.000000 0.000000 0.000000 0.000000 
0 -0.006222 -0.095659 0.598425 0.000119 -0.000978 0.000000 0.000000 0.000000 0.000000 
0 -0.011812 -0.092102 0.838806 0.000120 -0.000976 0.000000 0.000000 0.000000 0.000000 
0 -0.013888 -0.088879 0.912947 0.000126 -0.000971 0.000000 0.000000 0.000000 0.000000 
0 -0.015163 -0.085006 0.761947 0.000133 -0.000969 0.000000 0.000000 0.000000 0.000000 
0 -0.016762 -0.080784 0.299929 0.000127 -0.000965 0.000000 0.000000 0.000000 0.000000 
0 -0.019624 -0.077978 -0.397787 0.000106 -0.000956 0.000000 0.000000 0.000000 0.000000 
0 -0.019796 -0.075350 -1.179470 0.000074 -0.000941 0.000000 -0.000001 0.000000 0.000000 
0 -0.015527 -0.070827 -1.907400 0.000039 -0.000915 0.000000 -0.000001 0.000001 0.000000 
0 -0.009287 -0.067124 -2.488680 -0.000011 -0.000876 0.000000 -0.000001 0.000001 0.000000 
0 -0.002339 -0.064888 -2.798340 -0.000070 -0.000827 0.000000 -0.000001 0.000001 0.000000 
0 0.002370 -0.068001 -2.713960 -0.000145 -0.000764 0.000000 -0.000002 0.000001 0.000000 
0 -0.013526 -0.069862 -2.280380 -0.000237 -0.000688 0.000000 -0.000002 0.000002 0.000000 
0 -0.066766 -0.063248 -1.665530 -0.000339 -0.000600 0.000000 -0.000002 0.000002 0.000000 
0 -0.164080 -0.040625 -0.990033 -0.000442 -0.000506 0.000000 -0.000002 0.000002 0.000000 
0 -0.304739 0.009791 -0.238596 -0.000528 -0.000394 0.000000 -0.000001 0.000002 0.000000 
0 -0.475699 0.096073 0.567610 -0.000570 -0.000215 0.000000 0.000000 0.000004 0.000000 
0 -0.654708 0.214156 1.245190 -0.000529 0.000090 0.000000 0.000002 0.000007 0.000000 
0 -0.822790 0.355634 1.616980 -0.000381 0.000508 0.000000 0.000004 0.000008 0.000000 
0 -0.956131 0.503344 1.840370 -0.000142 0.000974 0.000000 0.000005 0.000009 0.000000 
0 -1.039150 0.632982 1.959820 0.000164 0.001445 0.000000 0.000006 0.000008 0.000000 
0 -1.067730 0.735173 1.750300 0.000507 0.001896 0.000000 0.000006 0.000008 0.000000 
0 -1.033370 0.809445 1.396180 0.000847 0.002318 0.000000 0.000006 0.000007 0.000000 
0 -0.919609 0.852724 0.878232 0.001144 0.002705 0.000000 0.000005 0.000007 0.000000 
0 -0.718808 0.874915 0.308256 0.001365 0.003055 0.000000 0.000003 0.000006 0.000000 
0 -0.423305 0.885873 -0.066916 0.001482 0.003374 0.000000 0.000001 0.000006 0.000000 
0 -0.032646 0.887627 18.557400 0.001460 0.003668 0.009665 -0.000002 0.000005 0.000921 
0 0.424644 0.873021 43.059799 0.001205 0.003934 0.122120 -0.000009 0.000005 0.002413 
0 0.905679 0.837973 55.979900 0.000336 0.004164 0.246828 -0.000024 0.000004 0.002107 
0 1.393280 0.789099 60.387299 -0.001524 0.004330 0.357421 -0.000043 0.000002 0.001869 
0 1.859300 0.731783 58.787300 -0.004470 0.004463 0.455363 -0.000062 0.000003 0.001660 
0 2.235640 0.670863 53.319000 -0.008390 0.004695 0.542202 -0.000078 0.000006 0.001472 
0 2.468190 0.603464 45.766899 -0.013124 0.005165 0.620224 -0.000091 0.000011 0.001351 
0 2.533380 0.526423 37.439301 -0.018449 0.005996 0.689555 -0.000100 0.000019 0.001126 
0 2.442520 0.435029 29.163099 -0.024116 0.007285 0.745934 -0.000104 0.000027 0.000910 
0 2.233350 0.318700 21.581301 -0.029912 0.009008 0.791418 -0.000104 0.000034 0.000726 
0 1.947400 0.172642 15.057500 -0.035640 0.011046 0.826905 -0.000101 0.000039 0.000557 
0 1.624650 0.002511 9.681190 -0.041151 0.013264 0.853284 -0.000097 0.000041 0.000389 
0 1.298580 -0.179227 5.485530 -0.046385 0.015574 0.869921 -0.000092 0.000042 0.000208 
0 0.988556 -0.361318 2.324150 -0.051665 0.017928 0.876121 -0.000103 0.000043 0.000013 
0 0.693480 -0.536339 0.076534 -0.058197 0.020371 0.871188 -0.000133 0.000045 -0.000194 
0 0.372493 -0.702287 -1.396120 -0.066381 0.023027 0.854720 -0.000160 0.000051 -0.000399 
0 -0.034097 -0.861613 -2.215940 -0.075704 0.026012 0.826820 -0.000174 0.000057 -0.000605 
0 -0.556575 -1.020600 -2.559110 -0.085559 0.029366 0.787694 -0.000179 0.000063 -0.000796 
0 -1.173460 -1.186500 -2.583900 -0.095455 0.033040 0.738479 -0.000177 0.000069 -0.000982 
0 -1.827890 -1.361540 -2.405000 -0.105074 0.036970 0.678970 -0.000169 0.000072 -0.001154 
0 -2.454700 -1.542970 -2.120760 -0.114065 0.041058 0.611970 -0.000154 0.000074 -0.001249 
0 -2.997290 -1.723740 -1.803740 -0.122137 0.045200 0.541073 -0.000135 0.000074 -0.001300 
0 -3.415650 -1.894080 -1.478450 -0.129052 0.049296 0.467365 -0.000113 0.000073 -0.001361 
0 -3.683820 -2.043000 -1.190930 -0.134741 0.053256 0.390074 -0.000091 0.000070 -0.001415 
0 -3.793890 -2.159480 -0.963119 -0.139207 0.056995 0.311485 -0.000069 0.000065 -0.001407 
0 -3.757240 -2.236290 -0.777393 -0.142414 0.060444 0.234822 -0.000046 0.000059 -0.001348 
0 -3.594360 -2.273280 -0.603672 -0.144325 0.063570 0.161953 -0.000023 0.000053 -0.001272 
0 -3.328890 -2.274210 -0.463943 -0.144952 0.066315 0.093872 0.000000 0.000045 -0.001173 
0 -2.985220 -2.243810 -0.403078 -0.144338 0.068597 0.032536 0.000022 0.000036 -0.001028 
0 -2.585450 -2.182670 -0.403839 -0.142561 0.070348 -0.019617 0.000042 0.000026 -0.000849 
0 -2.148030 -2.088930 -0.401567 -0.139741 0.071537 -0.061714 0.000059 0.000016 -0.000667 
1 -1.694180 -1.964010 -0.363086 -0.136029 0.072175 -0.094287 0.000074 0.000007 -0.000507 
1 -1.249230 -1.813710 -0.274664 -0.131549 0.072288 -0.117370 0.000087 -0.000003 -0.000331 
1 -0.832759 -1.644130 -0.205058 -0.126390 0.071896 -0.131638 0.000098 -0.000011 -0.000182 
1 -0.453235 -1.461240 -0.143304 -0.120674 0.071026 -0.137914 0.000107 -0.000020 -0.000047 
1 -0.116602 -1.268920 -0.055961 -0.114546 0.069716 -0.137683 0.000113 -0.000027 0.000051 
1 0.169002 -1.071570 0.017546 -0.108101 0.068017 -0.132604 0.000118 -0.000034 0.000128 
1 0.399464 -0.876879 0.070194 -0.101412 0.066001 -0.123837 0.000122 -0.000039 0.000187 
1 0.578795 -0.693273 0.100115 -0.094582 0.063738 -0.111889 0.000124 -0.000043 0.000240 
1 0.710941 -0.527729 0.147857 -0.087705 0.061285 -0.097899 0.000124 -0.000046 0.000259 
1 0.800481 -0.383659 0.177969 -0.080856 0.058685 -0.083151 0.000123 -0.000048 0.000266 
1 0.852899 -0.262291 0.178569 -0.074112 0.055984 -0.068818 0.000120 -0.000049 0.000255 
1 0.875832 -0.165292 0.134278 -0.067536 0.053219 -0.055197 0.000116 -0.000050 0.000229 
1 0.876601 -0.091762 0.046654 -0.061196 0.050430 -0.043267 0.000112 -0.000050 0.000201 
1 0.858778 -0.039750 -0.033367 -0.055147 0.047657 -0.033047 0.000106 -0.000050 0.000169 
1 0.823772 -0.011063 -0.125685 -0.049421 0.044925 -0.024033 0.000100 -0.000049 0.000163 
1 0.770157 -0.004100 -0.191520 -0.043999 0.042232 -0.015465 0.000095 -0.000048 0.000134 
1 0.699416 -0.013773 -0.178471 -0.038854 0.039580 -0.009444 0.000090 -0.000047 0.000087 
1 0.618943 -0.035333 -0.152538 -0.033975 0.036965 -0.005289 0.000085 -0.000047 0.000066 
1 0.539115 -0.064210 -0.142445 -0.029362 0.034365 -0.001993 0.000081 -0.000047 0.000051 
1 0.469831 -0.096349 -0.117092 -0.025031 0.031780 0.001075 0.000075 -0.000046 0.000067 
1 0.414779 -0.126319 -0.114635 -0.020981 0.029205 0.004309 0.000070 -0.000046 0.000051 
1 0.374331 -0.147912 -0.119411 -0.017208 0.026640 0.007419 0.000065 -0.000046 0.000064 
1 0.350398 -0.157911 -0.147883 -0.013751 0.024105 0.010882 0.000059 -0.000045 0.000048 
1 0.338946 -0.157089 -0.151748 -0.010627 0.021627 0.012858 0.000053 -0.000044 0.000027 
1 0.332237 -0.148080 -0.143741 -0.007802 0.019236 0.013122 0.000048 -0.000042 -0.000020 
1 0.326653 -0.133636 -0.120366 -0.005256 0.016956 0.010905 0.000043 -0.000040 -0.000052 
1 0.320493 -0.116538 -0.078539 -0.002960 0.014788 0.008285 0.000039 -0.000038 -0.000042 
1 0.314109 -0.099467 -0.045576 -0.000864 0.012719 0.005621 0.000036 -0.000036 -0.000057 
1 0.310468 -0.082576 -0.001451 0.001042 0.010744 0.002611 0.000032 -0.000035 -0.000053 
1 0.310749 -0.063472 0.049261 0.002725 0.008868 -0.000383 0.000028 -0.000033 -0.000030 
1 0.313500 -0.043148 0.049766 0.004175 0.007096 -0.000297 0.000024 -0.000031 0.000005 
1 0.315021 -0.025716 0.038036 0.005430 0.005426 0.000356 0.000021 -0.000029 0.000032 
1 0.314174 -0.011501 0.027192 0.006495 0.003878 0.001436 0.000017 -0.000027 -0.000005 
1 0.306739 -0.002323 0.004459 0.007341 0.002475 -0.000406 0.000013 -0.000024 -0.000050 
1 0.285517 -0.001945 -0.030384 0.007981 0.001219 -0.003513 0.000010 -0.000021 -0.000068 
1 0.247159 -0.009945 -0.037352 0.008423 0.000096 -0.007661 0.000006 -0.000019 -0.000076 
1 0.186507 -0.027033 -0.025088 0.008711 -0.000898 -0.011675 0.000004 -0.000017 -0.000068 
1 0.100402 -0.054127 -0.028734 0.008951 -0.001776 -0.014731 0.000004 -0.000015 -0.000029 
1 -0.004213 -0.089558 -0.059663 0.009199 -0.002553 -0.014134 0.000005 -0.000013 0.000052 
1 -0.114180 -0.132567 -0.053594 0.009472 -0.003255 -0.010519 0.000005 -0.000012 0.000059 
1 -0.221080 -0.181296 0.011632 0.009816 -0.003918 -0.007318 0.000007 -0.000012 0.000051 
1 -0.318684 -0.230577 0.079204 0.010304 -0.004569 -0.005278 0.000010 -0.000012 0.000052 
1 -0.399912 -0.276933 0.128081 0.010962 -0.005227 -0.001404 0.000013 -0.000012 0.000050 
1 -0.457085 -0.321225 0.146413 0.011789 -0.005910 -0.001117 0.000016 -0.000013 -0.000038 
1 -0.487122 -0.362908 0.102784 0.012766 -0.006636 -0.004305 0.000019 -0.000014 -0.000071 
1 -0.494509 -0.399452 0.072529 0.013856 -0.007407 -0.008732 0.000020 -0.000014 -0.000083 
1 -0.486038 -0.429427 0.049125 0.015011 -0.008209 -0.013321 0.000021 -0.000015 -0.000083 
1 -0.471297 -0.451260 -0.018608 0.016206 -0.009053 -0.017584 0.000022 -0.000016 -0.000065 
1 -0.457374 -0.464235 -0.090887 0.017463 -0.009943 -0.020247 0.000023 -0.000016 -0.000030 
1 -0.445388 -0.467485 -0.104306 0.018798 -0.010881 -0.021209 0.000025 -0.000017 -0.000008 
1 -0.434650 -0.461291 -0.112872 0.020214 -0.011869 -0.021029 0.000026 -0.000018 0.000020 
1 -0.424118 -0.444724 -0.122371 0.021728 -0.012922 -0.018916 0.000028 -0.000020 0.000052 
1 -0.411997 -0.415451 -0.093768 0.023375 -0.014039 -0.015655 0.000031 -0.000021 0.000064 
1 -0.394540 -0.372728 -0.071727 0.025190 -0.015215 -0.011753 0.000034 -0.000022 0.000075 
1 -0.369388 -0.321506 -0.083445 0.027171 -0.016433 -0.007599 0.000037 -0.000022 0.000072 
1 -0.332835 -0.266923 -0.079983 0.029279 -0.017652 -0.003270 0.000039 -0.000022 0.000085 
1 -0.284299 -0.214355 -0.076499 0.031461 -0.018854 0.001113 0.000040 -0.000021 0.000073 
1 -0.229773 -0.168798 -0.066884 0.033690 -0.020022 0.005127 0.000040 -0.000021 0.000071 
1 -0.175120 -0.130831 -0.056458 0.035916 -0.021147 0.008928 0.000040 -0.000020 0.000067 
1 -0.126596 -0.100911 -0.075141 0.038072 -0.022213 0.012273 0.000038 -0.000019 0.000054 
1 -0.089103 -0.078604 -0.124045 0.040142 -0.023212 0.014470 0.000037 -0.000017 0.000027 
1 -0.061276 -0.061674 -0.165211 0.042131 -0.024144 0.015821 0.000035 -0.000016 0.000019 
1 -0.041059 -0.049150 -0.164492 0.044022 -0.025003 0.016416 0.000033 -0.000015 0.000001 
1 -0.027612 -0.041671 -0.152215 0.045816 -0.025783 0.016080 0.000032 -0.000013 -0.000010 
1 -0.021337 -0.037085 -0.144444 0.047565 -0.026496 0.015353 0.000031 -0.000012 -0.000016 
1 -0.019445 -0.031039 -0.112961 0.049299 -0.027135 0.014367 0.000031 -0.000011 -0.000020 
1 -0.014271 -0.024601 -0.082989 0.051034 -0.027688 0.013203 0.000031 -0.000009 -0.000022 
1 0.000739 -0.018874 -0.081963 0.052766 -0.028165 0.011932 0.000031 -0.000008 -0.000023 
1 0.024860 -0.013080 -0.055732 0.054463 -0.028569 0.010896 0.000030 -0.000007 -0.000015 
1 0.053438 -0.006897 -0.027937 0.056103 -0.028902 0.009972 0.000029 -0.000005 -0.000020 
1 0.082958 -0.000511 -0.055384 0.057673 -0.029169 0.008719 0.000028 -0.000004 -0.000020 
1 0.112191 0.005378 -0.074450 0.059141 -0.029360 0.007566 0.000025 -0.000003 -0.000025 
1 0.138868 0.008409 -0.114871 0.060446 -0.029468 0.006157 0.000022 -0.000001 -0.000026 
1 0.159408 0.007604 -0.183597 0.061572 -0.029496 0.004523 0.000019 0.000000 -0.000030 
1 0.174629 0.003591 -0.231644 0.062508 -0.029440 0.002979 0.000015 0.000002 -0.000026 
1 0.184870 -0.005421 -0.268980 0.063223 -0.029289 0.001488 0.000011 0.000004 -0.000030 
1 0.185261 -0.022011 -0.346234 0.063727 -0.029057 -0.000303 0.000007 0.000005 -0.000031 
1 0.172835 -0.046638 -0.404280 0.064024 -0.028751 -0.001574 0.000004 0.000006 -0.000017 
1 0.147720 -0.079106 -0.406397 0.064129 -0.028368 -0.002228 0.000000 0.000007 -0.000010 
1 0.112915 -0.116982 -0.385844 0.064083 -0.027933 -0.002826 -0.000002 0.000008 -0.000009 
1 0.074540 -0.156937 -0.395715 0.063925 -0.027468 -0.003098 -0.000004 0.000008 0.000001 
1 0.039857 -0.195627 -0.350748 0.063688 -0.027005 -0.002945 -0.000005 0.000008 0.000000 
1 0.013927 -0.227973 -0.285620 0.063437 -0.026576 -0.003109 -0.000004 0.000007 -0.000003 
1 0.001656 -0.248053 -0.244409 0.063201 -0.026192 -0.003226 -0.000004 0.000007 -0.000001 
1 0.007723 -0.253842 -0.203560 0.062944 -0.025840 -0.003232 -0.000005 0.000006 0.000001 
1 0.031645 -0.248181 -0.209276 0.062597 -0.025517 -0.003149 -0.000007 0.000006 0.000002 
1 0.066757 -0.233018 -0.242340 0.062126 -0.025221 -0.002943 -0.000010 0.000005 0.000008 
1 0.105227 -0.210626 -0.268008 0.061500 -0.024915 -0.002322 -0.000013 0.000006 0.000012 
1 0.137745 -0.186588 -0.302615 0.060696 -0.024565 -0.001718 -0.000016 0.000007 0.000008 
1 0.156638 -0.167292 -0.342984 0.059728 -0.024170 -0.001492 -0.000019 0.000007 0.000005 
1 0.159275 -0.156515 -0.330554 0.058614 -0.023736 -0.001090 -0.000021 0.000008 0.000007 
1 0.144081 -0.157187 -0.313187 0.057391 -0.023270 -0.000652 -0.000023 0.000009 0.000009 
1 0.113182 -0.168395 -0.273227 0.056111 -0.022783 0.000632 -0.000023 0.000009 0.000033 
1 0.074606 -0.186904 -0.223436 0.054786 -0.022294 0.001899 -0.000024 0.000009 0.000012 
1 0.035415 -0.211747 -0.160112 0.053429 -0.021835 0.002269 -0.000025 0.000008 0.000004 
1 -0.001129 -0.239896 -0.119788 0.052067 -0.021430 0.002234 -0.000025 0.000007 -0.000006 
1 -0.030655 -0.263316 -0.087914 0.050694 -0.021092 0.001839 -0.000025 0.000006 -0.000007 
1 -0.050531 -0.274883 -0.059046 0.049302 -0.020816 0.001472 -0.000025 0.000004 -0.000006 
1 -0.060614 -0.271256 -0.095507 0.047882 -0.020597 0.001144 -0.000026 0.000003 -0.000006 
1 -0.064066 -0.249881 -0.129528 0.046410 -0.020433 0.000661 -0.000027 0.000003 -0.000013 
0 -0.067711 -0.215804 -0.145408 0.044879 -0.020284 -0.000045 -0.000028 0.000003 -0.000011 
0 -0.078698 -0.176657 -0.160632 0.043360 -0.020121 -0.000605 -0.000027 0.000003 -0.000009 
0 -0.096148 -0.137154 -0.155531 0.041915 -0.019925 -0.001031 -0.000025 0.000004 -0.000007 
0 -0.132456 -0.099100 -0.135942 0.040546 -0.019683 -0.001099 -0.000024 0.000005 0.000004 
0 -0.227065 -0.061833 -0.122967 0.039333 -0.019392 -0.000856 -0.000020 0.000006 0.000004 
0 -0.422425 -0.025434 -0.135900 0.038359 -0.019037 -0.000670 -0.000015 0.000007 0.000000 
0 -0.744564 0.008675 -0.102099 0.037699 -0.018596 -0.000888 -0.000008 0.000009 -0.000005 
0 -1.196520 0.039876 -0.064944 0.037509 -0.018068 -0.000940 0.000002 0.000010 0.000004 
0 -1.757240 0.068505 -0.016802 0.037950 -0.017470 -0.001220 0.000015 0.000011 -0.000013 
0 -2.392080 0.095046 0.064892 0.039224 -0.016818 -0.001785 0.000032 0.000012 -0.000005 
0 -3.059760 0.117998 0.125400 0.041588 -0.016137 -0.000963 0.000054 0.000012 0.000050 
0 -3.715990 0.137080 0.161955 0.045390 -0.015445 0.002500 0.000083 0.000013 0.000056 
0 -4.320350 0.153856 0.181214 0.050828 -0.014741 0.005121 0.000113 0.000013 0.000037 
0 -4.848800 0.168050 0.136596 0.057993 -0.014022 0.006507 0.000145 0.000013 0.000013 
0 -5.290040 0.179848 0.039608 0.066958 -0.013306 0.006464 0.000178 0.000013 -0.000010 
0 -5.637330 0.184975 -0.044621 0.077812 -0.012610 0.005576 0.000213 0.000012 -0.000022 
0 -5.891970 0.177213 -0.130563 0.090647 -0.011965 0.003832 0.000249 0.000011 -0.000038 
0 -6.060350 0.154675 -0.209016 0.105472 -0.011389 0.002160 0.000284 0.000010 -0.000015 
0 -6.150720 0.117486 -0.267016 0.122194 -0.010880 0.001760 0.000317 0.000009 -0.000009 
0 -6.179570 0.065568 -0.285957 0.140633 -0.010434 0.001216 0.000346 0.000007 -0.000007 
0 -6.164200 -0.000911 -0.274455 0.160593 -0.010055 0.001355 0.000371 0.000006 0.000006 
0 -6.115440 -0.076890 -0.185269 0.181795 -0.009743 0.001490 0.000391 0.000005 0.000004 
0 -6.037240 -0.155664 -0.056090 0.204053 -0.009513 0.001679 0.000411 0.000003 -0.000001 
0 -5.921570 -0.239881 0.068750 0.227606 -0.009424 0.001483 0.000438 0.000000 -0.000005 
0 -5.737710 -0.350502 0.181538 0.252800 -0.009550 0.000914 0.000469 -0.000005 -0.000016 
0 -5.442930 -0.518349 0.255454 0.279772 -0.009975 -0.000139 0.000501 -0.000011 -0.000022 
0 -5.007650 -0.767416 0.277941 0.308300 -0.010796 -0.001134 0.000525 -0.000018 -0.000008 
0 -4.428500 -1.113110 0.341711 0.337789 -0.012020 -0.001066 0.000535 -0.000025 0.000007 
0 -3.728450 -1.556760 0.408025 0.367466 -0.013647 -0.000227 0.000532 -0.000034 0.000032 
0 -2.947340 -2.078850 0.460247 0.396760 -0.015815 0.002637 0.000522 -0.000045 0.000052 
0 -2.136280 -2.649110 0.569333 0.425435 -0.018714 0.004987 0.000511 -0.000060 0.000040 
0 -1.345240 -3.235600 0.710330 0.453484 -0.022529 0.006183 0.000499 -0.000078 0.000000 
0 -0.613647 -3.808470 0.850158 0.480848 -0.027398 0.005310 0.000486 -0.000098 -0.000025 
0 0.033026 -4.341730 0.960865 0.507382 -0.033458 0.003854 0.000469 -0.000121 -0.000038 
0 0.579777 -4.819640 1.008320 0.532898 -0.040884 0.001358 0.000449 -0.000146 -0.000044 
0 1.020470 -5.232790 0.975038 0.557121 -0.049752 -0.000193 0.000423 -0.000173 -0.000012 
0 1.358180 -5.574790 0.953865 0.579720 -0.060105 -0.002032 0.000390 -0.000199 -0.000059 
0 1.601410 -5.845290 0.897692 0.600383 -0.071915 -0.006554 0.000353 -0.000226 -0.000102 
0 1.758110 -6.045430 0.891765 0.618865 -0.085169 -0.012796 0.000312 -0.000251 -0.000116 
0 1.829900 -6.184990 0.914030 0.635059 -0.099783 -0.019642 0.000271 -0.000275 -0.000131 
0 1.823210 -6.271810 0.912544 0.649073 -0.115716 -0.026818 0.000233 -0.000298 -0.000127 
0 1.755600 -6.314970 0.880428 0.661007 -0.132930 -0.033455 0.000196 -0.000321 -0.000108 
0 1.654730 -6.319670 0.807639 0.670854 -0.151379 -0.038782 0.000158 -0.000343 -0.000084 
0 1.563710 -6.273730 0.684420 0.678611 -0.171036 -0.042693 0.000121 -0.000364 -0.000057 
0 1.537510 -6.149570 0.526862 0.684247 -0.191793 -0.044904 0.000082 -0.000383 -0.000024 
0 1.623330 -5.924330 0.375221 0.687692 -0.213503 -0.045353 0.000041 -0.000398 0.000009 
0 1.844070 -5.589090 0.230463 0.688772 -0.235998 -0.044717 -0.000002 -0.000411 0.000003 
0 2.197240 -5.148730 0.122212 0.687496 -0.259121 -0.044179 -0.000044 -0.000421 0.000023 
0 2.657810 -4.617630 0.046428 0.683895 -0.282670 -0.042399 -0.000087 -0.000426 0.000044 
0 3.187220 -4.017480 -0.035104 0.677794 -0.306376 -0.039314 -0.000133 -0.000427 0.000064 
0 3.746520 -3.377070 -0.083121 0.669013 -0.329988 -0.035032 -0.000184 -0.000423 0.000094 
0 4.297360 -2.726190 -0.087524 0.657342 -0.353272 -0.029096 -0.000237 -0.000415 0.000116 
0 4.800870 -2.092750 -0.071194 0.642715 -0.376062 -0.022546 -0.000290 -0.000405 0.000116 
0 5.226710 -1.497160 -0.026368 0.625158 -0.398117 -0.016494 -0.000342 -0.000389 0.000104 
0 5.557890 -0.951579 0.020593 0.604741 -0.419142 -0.010757 -0.000393 -0.000368 0.000104 
0 5.790090 -0.468088 0.026770 0.581571 -0.438911 -0.004953 -0.000441 -0.000343 0.000105 
0 5.925960 -0.056031 0.033862 0.555739 -0.457277 0.000644 -0.000488 -0.000318 0.000095 
0 5.973770 0.280219 0.040424 0.527359 -0.474189 0.005532 -0.000533 -0.000291 0.000080 
0 5.948330 0.541713 0.021326 0.496537 -0.489590 0.009689 -0.000576 -0.000263 0.000073 
0 5.869140 0.733876 0.009047 0.463397 -0.503438 0.013380 -0.000617 -0.000235 0.000053 
0 5.755180 0.860874 -0.042425 0.428065 -0.515705 0.015919 -0.000655 -0.000207 0.000036 
0 5.618750 0.927364 -0.173905 0.390690 -0.526401 0.017043 -0.000690 -0.000179 0.000002 
0 5.465030 0.944033 -0.329770 0.351399 -0.535554 0.016079 -0.000724 -0.000151 -0.000034 
0 5.279990 0.938058 -0.407905 0.310310 -0.543173 0.013623 -0.000755 -0.000123 -0.000049 
0 5.023760 0.954588 -0.484174 0.267675 -0.549179 0.010582 -0.000779 -0.000092 -0.000061 
0 4.655060 1.039190 -0.586138 0.223915 -0.553353 0.007008 -0.000795 -0.000057 -0.000070 
0 4.151550 1.222710 -0.703206 0.179551 -0.555485 0.002889 -0.000801 -0.000019 -0.000076 
0 3.513800 1.518190 -0.804178 0.135128 -0.555488 -0.001584 -0.000797 0.000020 -0.000084 
0 2.763830 1.918800 -0.851739 0.091206 -0.553290 -0.005924 -0.000783 0.000060 -0.000071 
0 1.942670 2.405680 -0.826044 0.048607 -0.548868 -0.009484 -0.000747 0.000099 -0.000058 
0 1.099320 2.951880 -0.662334 0.008212 -0.542319 -0.012245 -0.000709 0.000137 -0.000042 
0 0.282290 3.526640 -0.347625 -0.030416 -0.533529 -0.014180 -0.000683 0.000179 -0.000026 
0 -0.469402 4.098000 0.075017 -0.067691 -0.522384 -0.014673 -0.000659 0.000222 0.000009 
0 -1.129030 4.637500 0.504747 -0.103571 -0.508882 -0.013653 -0.000632 0.000264 0.000024 
0 -1.676160 5.123210 0.870854 -0.137822 -0.492982 -0.011605 -0.000601 0.000308 0.000055 
0 -2.095580 5.540360 1.197590 -0.170266 -0.474662 -0.008011 -0.000567 0.000351 0.000072 
0 -2.379510 5.877790 1.461730 -0.200781 -0.453987 -0.003607 -0.000531 0.000393 0.000088 
0 -2.533230 6.122870 1.631540 -0.229194 -0.431050 0.001782 -0.000491 0.000432 0.000103 
0 -2.573690 6.268290 1.685850 -0.255321 -0.405988 0.007581 -0.000449 0.000469 0.000103 
0 -2.525580 6.315600 1.606930 -0.279132 -0.379053 0.013527 -0.000408 0.000500 0.000112 
0 -2.390250 2.402480 1.000670 -0.208348 -0.248387 0.013310 0.005827 0.007272 -0.000337 
0 -2.284460 -6.670260 -0.016764 -0.000255 0.000175 0.002708 -0.000010 0.000006 0.000117 
0 -2.272310 -6.669800 -0.118811 -0.001065 0.000627 0.013791 -0.000019 0.000009 0.000285 
0 -2.226690 -6.600030 -0.309505 -0.002329 0.001146 0.032739 -0.000026 0.000009 0.000379 
0 -2.137100 -6.417270 -0.474525 -0.003902 0.001612 0.054781 -0.000031 0.000008 0.000409 
0 -2.002080 -6.101040 -0.572297 -0.005712 0.001986 0.078099 -0.000034 0.000006 0.000423 
0 -1.829730 -5.656290 -0.601216 -0.007665 0.002249 0.101799 -0.000036 0.000004 0.000438 
0 -1.630420 -5.106320 -0.596995 -0.009614 0.002424 0.126551 -0.000034 0.000003 0.000448 
0 -1.409550 -4.482610 -0.557655 -0.011464 0.002535 0.150752 -0.000032 0.000001 0.000422 
0 -1.171440 -3.819740 -0.463645 -0.013199 0.002597 0.173670 -0.000030 0.000001 0.000398 
0 -0.925865 -3.152500 -0.347834 -0.014771 0.002623 0.195122 -0.000027 0.000000 0.000383 
0 -0.682785 -2.508060 -0.213075 -0.016172 0.002618 0.215938 -0.000024 0.000000 0.000361 
0 -0.453664 -1.904390 -0.063638 -0.017434 0.002611 0.235061 -0.000021 0.000000 0.000329 
0 -0.249461 -1.359340 0.123839 -0.018526 0.002663 0.252720 -0.000017 0.000002 0.000303 
0 -0.075276 -0.887511 0.258425 -0.019360 0.002805 0.268588 -0.000013 0.000003 0.000269 
0 0.070368 -0.497297 0.337496 -0.019952 0.003031 0.282885 -0.000009 0.000005 0.000249 
0 0.190441 -0.189952 0.410607 -0.020375 0.003328 0.295848 -0.000006 0.000006 0.000220 
0 0.284934 0.038654 0.500301 -0.020688 0.003687 0.307559 -0.000005 0.000007 0.000201 
0 0.349774 0.196768 0.583512 -0.020927 0.004090 0.318292 -0.000004 0.000008 0.000183 
0 0.380090 0.296022 0.623554 -0.021087 0.004524 0.327458 -0.000002 0.000008 0.000144 
0 0.377838 0.350585 0.670263 -0.021184 0.004964 0.334478 -0.000001 0.000008 0.000110 
0 0.349773 0.372813 0.717466 -0.021241 0.005404 0.339761 0.000000 0.000008 0.000080 
0 0.301289 0.372461 0.726598 -0.021190 0.005836 0.343360 0.000003 0.000008 0.000049 
0 0.238987 0.358494 0.698933 -0.020933 0.006271 0.345256 0.000007 0.000008 0.000020 
0 0.173576 0.338051 0.652968 -0.020451 0.006725 0.345953 0.000011 0.000009 0.000003 
0 0.117467 0.313225 0.574480 -0.019748 0.007216 0.345403 0.000014 0.000009 -0.000020 
0 0.076606 0.283511 0.476961 -0.018839 0.007745 0.344004 0.000018 0.000010 -0.000029 
0 0.053372 0.248636 0.403752 -0.017719 0.008336 0.342197 0.000022 0.000011 -0.000037 
0 0.052061 0.209297 -0.316232 -0.016415 0.009007 0.339628 0.000025 0.000013 -0.000055 
0 0.093247 0.178040 -3.534990 -0.014983 0.009785 0.336234 0.000026 0.000015 -0.000065 
0 0.214773 0.179553 -9.879930 -0.013606 0.010764 0.332626 0.000023 0.000020 -0.000068 
0 0.415721 0.209971 -18.702700 -0.012490 0.012099 0.328492 0.000017 0.000028 -0.000084 
0 0.630841 0.228465 -28.938700 -0.011631 0.013873 0.322996 0.000014 0.000036 -0.000115 
0 0.783960 0.190324 -39.643398 -0.010900 0.016080 0.315652 0.000013 0.000043 -0.000152 
0 0.834737 0.073885 -50.023201 -0.010025 0.018620 0.305979 0.000019 0.000048 -0.000194 
0 0.782023 -0.115773 -59.529301 -0.008690 0.021373 0.294133 0.000030 0.000051 -0.000234 
0 0.654233 -0.358345 -67.858101 -0.006674 0.024243 0.280482 0.000043 0.000052 -0.000261 
0 0.496360 -0.627609 -74.822998 -0.003892 0.027108 0.264459 0.000057 0.000051 -0.000303 
0 0.355828 -0.899949 -80.472603 -0.000406 0.029811 0.247435 0.000069 0.000046 -0.000312 
0 0.265901 -1.154940 -84.841904 0.003729 0.032185 0.229713 0.000080 0.000039 -0.000326 
0 0.243443 -1.372980 -88.113701 0.008404 0.034162 0.210792 0.000087 0.000032 -0.000353 
0 0.290971 -1.539900 -90.388802 0.013267 0.035766 0.190884 0.000086 0.000026 -0.000373 
0 0.392440 -1.651790 -91.866096 0.017828 0.037033 0.168970 0.000078 0.000020 -0.000410 
0 0.516349 -1.713550 -92.694099 0.021864 0.037937 0.145580 0.000068 0.000013 -0.000431 
0 0.626774 -1.732070 -93.059303 0.025325 0.038480 0.121135 0.000057 0.000007 -0.000452 
0 0.696273 -1.711430 -93.072800 0.028283 0.038704 0.095231 0.000049 0.000001 -0.000471 
0 0.715861 -1.654040 -92.806900 0.030857 0.038625 0.069237 0.000044 -0.000004 -0.000467 
0 0.696091 -1.564380 -92.382698 0.033178 0.038251 0.043496 0.000040 -0.000009 -0.000458 
0 0.659784 -1.450170 -91.913399 0.035364 0.037567 0.018717 0.000039 -0.000015 -0.000430 
0 0.630103 -1.322080 -91.455803 0.037483 0.036567 -0.003642 0.000038 -0.000021 -0.000376 
0 0.622345 -1.185490 -91.061501 0.039592 0.035270 -0.023393 0.000038 -0.000026 -0.000340 
0 0.646150 -1.043180 -90.724602 0.041694 0.033729 -0.041553 0.000037 -0.000030 -0.000313 
0 0.705745 -0.899194 -90.418999 0.043747 0.031992 -0.058116 0.000036 -0.000033 -0.000283 
0 0.797497 -0.763119 -90.182404 0.045737 0.030077 -0.072973 0.000035 -0.000036 -0.000252 
0 0.913555 -0.643504 -89.991699 0.047646 0.028008 -0.086010 0.000034 -0.000039 -0.000216 
0 1.041420 -0.542264 -89.841599 0.049580 0.025798 -0.096833 0.000036 -0.000041 -0.000173 
0 1.175960 -0.455773 -89.789597 0.051673 0.023481 -0.105046 0.000039 -0.000043 -0.000122 
0 1.320230 -0.380038 -89.789703 0.053906 0.021063 -0.110281 0.000042 -0.000044 -0.000072 
0 1.475250 -0.316566 -89.805496 0.056330 0.018602 -0.113288 0.000046 -0.000044 -0.000036 
0 1.640460 -0.265186 -89.829697 0.058997 0.016189 -0.114263 0.000050 -0.000043 -0.000001 
0 1.817090 -0.227716 -89.833298 0.061860 0.013904 -0.113261 0.000053 -0.000040 0.000037 
0 2.003020 -0.210044 -89.826599 0.064794 0.011795 -0.110279 0.000053 -0.000036 0.000070 
0 2.188510 -0.215872 -89.884903 0.067720 0.009861 -0.105728 0.000052 -0.000033 0.000095 
0 2.360770 -0.244768 -89.980598 0.070560 0.008098 -0.099520 0.000050 -0.000030 0.000125 
0 2.512620 -0.291159 -90.074303 0.073220 0.006507 -0.092042 0.000045 -0.000027 0.000145 
0 2.639500 -0.350807 -90.154800 0.075586 0.005111 -0.083589 0.000040 -0.000023 0.000157 
0 2.735890 -0.421202 -90.183998 0.077614 0.003940 -0.075160 0.000033 -0.000019 0.000141 
0 2.794580 -0.500430 -90.163696 0.079313 0.002939 -0.067222 0.000028 -0.000017 0.000148 
0 2.816980 -0.582377 -89.338997 0.080787 0.002028 -0.059126 0.000025 -0.000016 0.000141 
0 2.822210 -0.649896 -86.265602 0.082141 0.001078 -0.051721 0.000024 -0.000018 0.000126 
0 2.833430 -0.687945 -81.217796 0.083413 0.000062 -0.045256 0.000022 -0.000019 0.000103 
0 2.860850 -0.686630 -74.620499 0.084567 -0.001049 -0.040498 0.000019 -0.000021 0.000070 
0 2.903640 -0.646279 -66.938698 0.085566 -0.002288 -0.037547 0.000016 -0.000024 0.000031 
0 2.953930 -0.570951 -58.669701 0.086377 -0.003725 -0.036289 0.000012 -0.000028 0.000066 
0 3.004470 -0.465595 -50.303299 0.086843 -0.005415 -0.030403 0.000004 -0.000033 0.000088 
0 3.045660 -0.332536 -42.195499 0.086772 -0.007361 -0.028274 -0.000007 -0.000037 -0.000010 
0 3.061190 -0.174813 -34.654999 0.086058 -0.009536 -0.030833 -0.000019 -0.000041 -0.000082 
0 3.035860 0.001940 -27.849100 0.084650 -0.011904 -0.037670 -0.000032 -0.000044 -0.000160 
0 2.959070 0.189147 -21.896200 0.082544 -0.014435 -0.048252 -0.000044 -0.000047 -0.000221 
0 2.828550 0.377785 -16.837000 0.079806 -0.017102 -0.062008 -0.000055 -0.000049 -0.000275 
0 2.651630 0.559290 -12.652600 0.076460 -0.019866 -0.079352 -0.000066 -0.000050 -0.000347 
0 2.439310 0.726738 -9.263030 0.072538 -0.022684 -0.100056 -0.000075 -0.000051 -0.000397 
0 2.200000 0.875503 -6.582450 0.068116 -0.025527 -0.123081 -0.000084 -0.000051 -0.000424 
0 1.943570 1.003960 -4.536940 0.063277 -0.028352 -0.147009 -0.000090 -0.000050 -0.000439 
0 1.682430 1.111420 -3.017950 0.058103 -0.031116 -0.171974 -0.000096 -0.000049 -0.000455 
0 1.428420 1.197350 -1.905800 0.052674 -0.033784 -0.197249 -0.000100 -0.000047 -0.000456 
0 1.190330 1.261660 -1.102510 0.047082 -0.036346 -0.222574 -0.000102 -0.000045 -0.000450 
0 0.976625 1.307300 -0.533249 0.041421 -0.038800 -0.247263 -0.000102 -0.000043 -0.000441 
0 0.796087 1.340310 -0.126603 0.035761 -0.041130 -0.271129 -0.000102 -0.000041 -0.000415 
0 0.653189 1.364720 0.104537 0.030125 -0.043316 -0.293157 -0.000101 -0.000038 -0.000376 
0 0.546903 1.383410 0.212283 0.024533 -0.045330 -0.312953 -0.000100 -0.000034 -0.000337 
0 0.467601 1.395390 0.254310 0.019009 -0.047119 -0.330649 -0.000098 -0.000030 -0.000301 
0 0.405137 1.397880 0.248616 0.013614 -0.048639 -0.346007 -0.000096 -0.000025 -0.000253 
0 0.356643 1.388780 0.228905 0.008386 -0.049856 -0.359332 -0.000092 -0.000019 -0.000225 
0 0.323122 1.365440 0.223153 0.003347 -0.050759 -0.370917 -0.000089 -0.000013 -0.000192 
0 0.303086 1.325770 0.166972 -0.001481 -0.051340 -0.380558 -0.000085 -0.000007 -0.000154 
0 0.293612 1.273450 0.124118 -0.006102 -0.051582 -0.388140 -0.000081 -0.000001 -0.000118 
0 0.292827 1.210990 0.077770 -0.010554 -0.051468 -0.393499 -0.000079 0.000005 -0.000076 
0 0.296018 1.139950 0.041180 -0.014856 -0.050992 -0.396624 -0.000076 0.000012 -0.000038 
0 0.297259 1.062050 0.065796 -0.018997 -0.050157 -0.397599 -0.000073 0.000018 0.000001 
0 0.288975 0.979148 0.115015 -0.022946 -0.048980 -0.396933 -0.000069 0.000024 0.000023 
0 0.269142 0.890133 0.147572 -0.026652 -0.047488 -0.395023 -0.000065 0.000030 0.000047 
0 0.241889 0.793769 0.169151 -0.030135 -0.045701 -0.390421 -0.000061 0.000035 0.000198 
0 0.208428 0.692420 0.186058 -0.033402 -0.043657 -0.372675 -0.000057 0.000039 0.000314 
0 0.169307 0.590856 0.176111 -0.036441 -0.041377 -0.359998 -0.000053 0.000043 0.000151 
0 0.128941 0.492304 0.177173 -0.039244 -0.038866 -0.354379 -0.000048 0.000047 0.000061 
0 0.093659 0.398313 0.222637 -0.041784 -0.036164 -0.352213 -0.000043 0.000050 0.000021 
0 0.068882 0.311219 0.503599 -0.044024 -0.033319 -0.351505 -0.000037 0.000052 0.000010 
0 0.062909 0.236873 2.410670 -0.045940 -0.030376 -0.350963 -0.000031 0.000054 0.000014 
0 0.088031 0.179005 7.029290 -0.047528 -0.027398 -0.349296 -0.000026 0.000053 0.000050 
0 0.151976 0.131623 14.462300 -0.048828 -0.024470 -0.345092 -0.000021 0.000052 0.000100 
0 0.247235 0.090543 23.900999 -0.049849 -0.021691 -0.337779 -0.000016 0.000048 0.000168 
0 0.350990 0.063705 34.326302 -0.050571 -0.019109 -0.326310 -0.000010 0.000045 0.000241 
0 0.440775 0.060659 44.910099 -0.050984 -0.016726 -0.311559 -0.000004 0.000041 0.000292 
0 0.501595 0.083017 54.914001 -0.051035 -0.014502 -0.293851 0.000003 0.000039 0.000345 
0 0.533469 0.121629 63.860298 -0.050666 -0.012406 -0.273673 0.000011 0.000036 0.000377 
0 0.548289 0.163701 71.491096 -0.049862 -0.010483 -0.251557 0.000018 0.000033 0.000417 
0 0.558382 0.197892 77.800598 -0.048664 -0.008773 -0.227733 0.000025 0.000029 0.000440 
0 0.567307 0.217899 82.812897 -0.047096 -0.007275 -0.202792 0.000032 0.000025 0.000457 
0 0.575753 0.223717 86.597900 -0.045153 -0.006005 -0.176905 0.000038 0.000021 0.000475 
0 0.585736 0.217826 89.277298 -0.042895 -0.004913 -0.150906 0.000043 0.000018 0.000459 
0 0.597486 0.201514 90.990097 -0.040412 -0.003943 -0.125923 0.000046 0.000017 0.000442 
0 0.608272 0.173404 92.003899 -0.037769 -0.003052 -0.101771 0.000049 0.000015 0.000429 
0 0.612805 0.132197 92.472099 -0.034977 -0.002237 -0.078355 0.000052 0.000014 0.000412 
0 0.612968 0.076031 92.525398 -0.031984 -0.001541 -0.056181 0.000056 0.000011 0.000390 
0 0.618919 0.006444 92.295700 -0.028810 -0.000987 -0.034708 0.000059 0.000008 0.000375 
0 0.636764 -0.067576 91.900299 -0.025459 -0.000608 -0.014981 0.000062 0.000005 0.000338 
0 0.673909 -0.135121 91.458900 -0.021906 -0.000435 0.003005 0.000066 0.000001 0.000308 
0 0.740752 -0.188888 90.977402 -0.018221 -0.000456 0.019044 0.000067 -0.000002 0.000271 
0 0.840567 -0.222999 90.523003 -0.014481 -0.000598 0.033302 0.000068 -0.000003 0.000237 
0 0.970842 -0.235991 90.153297 -0.010745 -0.000791 0.045060 0.000067 -0.000004 0.000190 
0 1.122800 -0.228876 89.833702 -0.007093 -0.001012 0.054483 0.000064 -0.000004 0.000150 
0 1.283660 -0.207853 89.576698 -0.003637 -0.001233 0.061715 0.000060 -0.000004 0.000111 
0 1.434920 -0.179013 89.382599 -0.000427 -0.001451 0.066991 0.000056 -0.000004 0.000079 
0 1.561500 -0.145635 89.284897 0.002530 -0.001678 0.070685 0.000051 -0.000004 0.000056 
0 1.659430 -0.112942 89.224503 0.005214 -0.001930 0.073237 0.000045 -0.000005 0.000034 
0 1.732000 -0.083682 89.179199 0.007535 -0.002218 0.074443 0.000038 -0.000006 0.000012 
0 1.778120 -0.057579 89.184998 0.009441 -0.002568 0.075004 0.000031 -0.000007 0.000006 
0 1.795110 -0.030046 89.204903 0.010952 -0.003002 0.074858 0.000024 -0.000008 -0.000011 
0 1.781910 0.001030 89.185898 0.012070 -0.003477 0.073705 0.000017 -0.000009 -0.000029 
0 1.739030 0.036112 89.131104 0.012837 -0.003980 0.071824 0.000011 -0.000009 -0.000039 
0 1.672510 0.074905 89.095802 0.013313 -0.004480 0.069514 0.000006 -0.000009 -0.000044 
0 1.589700 0.113770 89.021103 0.013582 -0.004951 0.066795 0.000004 -0.000008 -0.000052 
0 1.501770 0.147836 88.937302 0.013723 -0.005387 0.063645 0.000001 -0.000007 -0.000064 
0 1.418770 0.172959 88.853104 0.013757 -0.005773 0.059815 0.000000 -0.000006 -0.000071 
0 1.347700 0.191378 88.791603 0.013713 -0.006104 0.055921 -0.000001 -0.000005 -0.000069 
