957
0 -0.115046 -0.333350 -0.000340 0.000004 -0.000009 0.000000 0.000000 0.000000 0.000000 
0 -0.115184 -0.334813 -0.000470 0.000025 -0.000055 0.000000 0.000000 -0.000001 0.000000 
0 -0.115291 -0.336951 0.002077 0.000056 -0.000124 0.000000 0.000001 -0.000001 0.000000 
0 -0.115243 -0.339048 0.031838 0.000093 -0.000203 0.000000 0.000001 -0.000001 0.000000 
0 -0.114792 -0.338965 0.132987 0.000132 -0.000282 0.000000 0.000001 -0.000001 0.000000 
0 -0.113868 -0.336217 0.201427 0.000169 -0.000359 0.000000 0.000001 -0.000001 0.000000 
0 -0.112585 -0.331573 0.236162 0.000206 -0.000435 0.000000 0.000001 -0.000001 0.000000 
0 -0.110791 -0.325607 0.242094 0.000246 -0.000511 0.000000 0.000001 -0.000001 0.000000 
0 -0.108458 -0.318317 0.241391 0.000289 -0.000589 0.000000 0.000001 -0.000001 0.000000 
0 -0.106373 -0.309661 0.233627 0.000332 -0.000668 0.000000 0.000001 -0.000001 0.000000 
0 -0.105191 -0.299766 0.221811 0.000373 -0.000746 0.000000 0.000001 -0.000001 0.000000 
0 -0.104388 -0.289541 0.171332 0.000412 -0.000821 0.000000 0.000001 -0.000001 0.000000 
0 -0.103183 -0.279751 0.119530 0.000450 -0.000890 0.000000 0.000001 -0.000001 0.000000 
0 -0.101158 -0.270360 0.067279 0.000489 -0.000954 0.000000 0.000001 -0.000001 0.000000 
0 -0.098538 -0.261617 0.014401 0.000529 -0.001016 0.000000 0.000001 -0.000001 0.000000 
0 -0.095402 -0.253235 -0.037886 0.000568 -0.001075 0.000000 0.000001 -0.000001 0.000000 
0 -0.091351 -0.245930 -0.071570 0.000606 -0.001131 0.000000 0.000001 -0.000001 0.000000 
0 -0.086604 -0.239703 -0.076966 0.000642 -0.001183 0.000000 0.000001 -0.000001 0.000000 
0 -0.081206 -0.234437 -0.086176 0.000677 -0.001230 0.000000 0.000001 -0.000001 0.000000 
0 -0.075435 -0.230517 -0.091406 0.000708 -0.001271 0.000000 0.000001 -0.000001 0.000000 
0 -0.069525 -0.227638 -0.089091 0.000735 -0.001305 0.000000 0.000000 -0.000001 0.000000 
0 -0.063504 -0.225213 -0.087194 0.000763 -0.001336 0.000000 0.000001 -0.000001 0.000000 
0 -0.057345 -0.222623 -0.102897 0.000790 -0.001365 0.000000 0.000000 -0.000001 0.000000 
0 -0.051134 -0.219734 -0.169338 0.000818 -0.001395 0.000000 0.000001 -0.000001 0.000000 
0 -0.044152 -0.215718 -0.392313 0.000848 -0.001429 0.000000 0.000001 -0.000001 0.000000 
0 -0.035233 -0.209749 -0.751446 0.000878 -0.001465 0.000000 0.000000 -0.000001 0.000000 
0 -0.026126 -0.202820 -1.115280 0.000895 -0.001495 0.000000 0.000000 0.000000 0.000000 
0 -0.017767 -0.195501 -1.498970 0.000902 -0.001518 0.000000 0.000000 0.000000 0.000000 
0 -0.011012 -0.187908 -1.926060 0.000896 -0.001538 0.000000 0.000000 0.000000 0.000000 
0 -0.006584 -0.181073 -2.275330 0.000877 -0.001548 0.000000 0.000000 0.000000 0.000000 
0 -0.005063 -0.176202 -2.487590 0.000860 -0.001547 0.000000 0.000000 0.000000 0.000000 
0 -0.006883 -0.174013 -2.486380 0.000850 -0.001536 0.000000 0.000000 0.000000 0.000000 
0 -0.010910 -0.177795 -2.242750 0.000837 -0.001511 0.000000 0.000000 0.000001 0.000000 
0 -0.016568 -0.186164 -1.809320 0.000811 -0.001485 0.000000 -0.000001 0.000000 0.000000 
0 -0.026384 -0.194366 -1.406120 0.000756 -0.001478 0.000000 -0.000001 0.000000 0.000000 
0 -0.041160 -0.200676 -1.199320 0.000672 -0.001500 0.000000 -0.000002 -0.000001 0.000000 
0 -0.059253 -0.207901 -1.019500 0.000564 -0.001551 0.000000 -0.000002 -0.000001 0.000000 
0 -0.075157 -0.214619 -0.800771 0.000426 -0.001617 0.000000 -0.000003 -0.000001 0.000000 
0 -0.086255 -0.219491 -0.477774 0.000262 -0.001677 0.000000 -0.000003 -0.000001 0.000000 
0 -0.091635 -0.226486 -0.201208 0.000080 -0.001728 0.000000 -0.000003 -0.000001 0.000000 
0 -0.096872 -0.234233 -0.150351 -0.000116 -0.001787 0.000000 -0.000004 -0.000001 0.000000 
0 -0.113603 -0.232622 -0.268723 -0.000319 -0.001861 0.000000 -0.000004 -0.000001 0.000000 
0 -0.148168 -0.213140 -0.298199 -0.000510 -0.001935 0.000000 -0.000003 -0.000001 0.000000 
0 -0.199816 -0.167611 -0.072030 -0.000683 -0.001975 0.000000 -0.000003 0.000000 0.000000 
0 -0.274280 -0.087960 0.286881 -0.000830 -0.001959 0.000000 -0.000002 0.000001 0.000000 
0 -0.382655 0.035332 0.725499 -0.000912 -0.001875 0.000000 -0.000001 0.000002 0.000000 
0 -0.513804 0.201494 1.036440 -0.000891 -0.001714 0.000000 0.000001 0.000004 0.000000 
0 -0.628188 0.391432 1.241210 -0.000777 -0.001483 0.000000 0.000003 0.000005 0.000000 
0 -0.679612 0.579865 1.426420 -0.000602 -0.001196 0.000000 0.000003 0.000006 0.000000 
0 -0.635114 0.756392 1.698470 -0.000413 -0.000856 0.000000 0.000003 0.000007 0.000000 
0 -0.483369 0.930280 2.023120 -0.000263 -0.000421 0.000000 0.000002 0.000009 0.000000 
0 -0.226995 1.115310 2.226410 -0.000228 0.000167 0.000000 -0.000001 0.000012 0.000000 
0 0.121418 1.312350 2.469110 -0.000359 0.000912 0.004881 -0.000004 0.000014 0.000598 
0 0.543930 1.507760 2.557200 -0.000754 0.001707 0.104909 -0.000013 0.000013 0.002385 
0 1.012140 1.688690 2.486610 -0.002259 0.002278 0.227956 -0.000044 0.000007 0.002052 
0 1.480310 1.856630 2.404360 -0.005818 0.002511 0.334991 -0.000085 0.000001 0.001806 
0 1.869040 2.014590 2.161810 -0.011589 0.002474 0.429962 -0.000122 -0.000002 0.001617 
0 2.090160 2.154660 1.768290 -0.019134 0.002398 0.514693 -0.000148 0.000001 0.001437 
0 2.098870 2.263870 1.318480 -0.027896 0.002657 0.589925 -0.000166 0.000009 0.001272 
0 1.905760 2.322940 0.886995 -0.037575 0.003491 0.656535 -0.000183 0.000021 0.001130 
0 1.555790 2.313000 0.553303 -0.048248 0.005008 0.715069 -0.000201 0.000034 0.000975 
0 1.098190 2.221520 0.319354 -0.059797 0.007207 0.764660 -0.000215 0.000046 0.000810 
0 0.573346 2.044530 0.123141 -0.072010 0.010067 0.805175 -0.000225 0.000057 0.000652 
0 0.014111 1.787060 -0.031708 -0.084687 0.013536 0.836858 -0.000231 0.000068 0.000482 
0 -0.555507 1.459440 -0.122013 -0.097612 0.017582 0.857600 -0.000234 0.000078 0.000262 
0 -1.122690 1.070880 -0.202458 -0.110708 0.022161 0.866123 -0.000237 0.000086 0.000043 
0 -1.686020 0.633226 -0.248568 -0.123817 0.027087 0.862172 -0.000234 0.000091 -0.000182 
0 -2.246570 0.164786 -0.256303 -0.136532 0.032214 0.845958 -0.000223 0.000094 -0.000405 
0 -2.795060 -0.308968 -0.237622 -0.148404 0.037439 0.817594 -0.000204 0.000094 -0.000614 
0 -3.304900 -0.760368 -0.203327 -0.159081 0.042614 0.777606 -0.000179 0.000092 -0.000824 
0 -3.739320 -1.164290 -0.173705 -0.168231 0.047635 0.726530 -0.000149 0.000089 -0.001013 
0 -4.061660 -1.502020 -0.157263 -0.175628 0.052431 0.665958 -0.000117 0.000084 -0.001157 
0 -4.249190 -1.765040 -0.163919 -0.181151 0.056924 0.598482 -0.000082 0.000078 -0.001268 
0 -4.291010 -1.950950 -0.141421 -0.184737 0.061038 0.525587 -0.000047 0.000070 -0.001351 
0 -4.189800 -2.059170 -0.151441 -0.186440 0.064717 0.449115 -0.000014 0.000062 -0.001395 
0 -3.962220 -2.094150 -0.124644 -0.186311 0.067950 0.371698 0.000018 0.000054 -0.001382 
0 -3.628210 -2.064350 -0.055186 -0.184466 0.070744 0.296682 0.000047 0.000046 -0.001317 
0 -3.211520 -1.979350 -0.009649 -0.181139 0.073080 0.225325 0.000072 0.000038 -0.001247 
0 -2.744520 -1.849990 -0.011935 -0.176526 0.074930 0.158800 0.000094 0.000029 -0.001143 
0 -2.258800 -1.688910 0.040802 -0.170802 0.076300 0.098301 0.000112 0.000021 -0.001035 
0 -1.780960 -1.509960 0.089908 -0.164171 0.077224 0.044122 0.000126 0.000013 -0.000912 
0 -1.331990 -1.322910 0.117012 -0.156829 0.077698 -0.002749 0.000137 0.000004 -0.000773 
0 -0.926451 -1.133820 0.116696 -0.148999 0.077727 -0.041596 0.000144 -0.000003 -0.000627 
0 -0.577139 -0.948259 0.116379 -0.140898 0.077351 -0.072614 0.000147 -0.000010 -0.000490 
1 -0.292413 -0.771766 0.132949 -0.132709 0.076619 -0.096074 0.000147 -0.000016 -0.000354 
1 -0.077598 -0.607197 0.156845 -0.124534 0.075560 -0.112224 0.000147 -0.000022 -0.000232 
1 0.067449 -0.456896 0.154156 -0.116423 0.074206 -0.121890 0.000145 -0.000027 -0.000116 
1 0.151677 -0.322764 0.171539 -0.108429 0.072575 -0.125192 0.000143 -0.000032 -0.000005 
1 0.188696 -0.207026 0.176744 -0.100600 0.070684 -0.123276 0.000139 -0.000036 0.000071 
1 0.189933 -0.111944 0.168303 -0.092949 0.068558 -0.117561 0.000136 -0.000040 0.000132 
1 0.166776 -0.037155 0.188053 -0.085494 0.066212 -0.108821 0.000132 -0.000044 0.000181 
1 0.128711 0.021135 0.214723 -0.078245 0.063659 -0.097774 0.000129 -0.000048 0.000212 
1 0.083491 0.068266 0.235105 -0.071183 0.060890 -0.085856 0.000126 -0.000052 0.000217 
1 0.039193 0.108483 0.271287 -0.064285 0.057924 -0.073552 0.000123 -0.000055 0.000224 
1 0.005742 0.145350 0.320115 -0.057567 0.054793 -0.061170 0.000119 -0.000058 0.000220 
1 -0.010750 0.181172 0.338204 -0.051025 0.051512 -0.049234 0.000116 -0.000060 0.000213 
1 -0.008961 0.217315 0.391536 -0.044639 0.048110 -0.037569 0.000114 -0.000062 0.000204 
1 0.012413 0.255508 0.441120 -0.038431 0.044632 -0.026845 0.000110 -0.000063 0.000184 
1 0.051082 0.295926 0.416662 -0.032486 0.041110 -0.017335 0.000104 -0.000064 0.000157 
1 0.100294 0.338717 0.382574 -0.026845 0.037569 -0.008741 0.000099 -0.000064 0.000155 
1 0.152339 0.382872 0.357011 -0.021535 0.034061 -0.001426 0.000093 -0.000063 0.000109 
1 0.201862 0.426585 0.282109 -0.016563 0.030627 0.003890 0.000086 -0.000061 0.000081 
1 0.246151 0.466706 0.196255 -0.011930 0.027287 0.007593 0.000080 -0.000059 0.000056 
1 0.283540 0.500186 0.174666 -0.007621 0.024057 0.010234 0.000075 -0.000057 0.000040 
1 0.314185 0.526302 0.160966 -0.003610 0.020952 0.012019 0.000070 -0.000055 0.000023 
1 0.338697 0.547714 0.145990 0.000110 0.017971 0.012633 0.000064 -0.000052 -0.000001 
1 0.357799 0.566862 0.144918 0.003521 0.015124 0.012278 0.000058 -0.000050 -0.000010 
1 0.370892 0.583094 0.161852 0.006611 0.012418 0.011636 0.000053 -0.000047 -0.000014 
1 0.376906 0.596445 0.134629 0.009409 0.009859 0.010245 0.000048 -0.000045 -0.000034 
1 0.376923 0.607986 0.166823 0.011925 0.007445 0.008435 0.000043 -0.000042 -0.000031 
1 0.373928 0.618760 0.214102 0.014167 0.005185 0.006897 0.000038 -0.000039 -0.000022 
1 0.372325 0.629069 0.198395 0.016142 0.003087 0.005670 0.000033 -0.000036 -0.000026 
1 0.374487 0.640975 0.189781 0.017860 0.001159 0.004271 0.000029 -0.000033 -0.000024 
1 0.379315 0.655745 0.222936 0.019320 -0.000587 0.003050 0.000024 -0.000030 -0.000020 
1 0.383637 0.670943 0.199542 0.020530 -0.002140 0.001971 0.000020 -0.000026 -0.000021 
1 0.384245 0.682005 0.169168 0.021482 -0.003495 0.000697 0.000015 -0.000022 -0.000023 
1 0.372979 0.684992 0.144565 0.022172 -0.004621 -0.000443 0.000010 -0.000018 -0.000019 
1 0.340255 0.677012 0.096939 0.022639 -0.005511 -0.001461 0.000007 -0.000014 -0.000020 
1 0.281858 0.655283 0.030661 0.022904 -0.006179 -0.002455 0.000003 -0.000010 -0.000013 
1 0.198166 0.616795 -0.016937 0.022985 -0.006637 -0.003192 0.000000 -0.000006 -0.000013 
1 0.090604 0.559904 -0.044132 0.022932 -0.006910 -0.003837 -0.000002 -0.000003 -0.000012 
1 -0.033373 0.487914 -0.075483 0.022798 -0.007023 -0.004676 -0.000003 -0.000001 -0.000019 
1 -0.163846 0.404844 -0.101192 0.022591 -0.006986 -0.005774 -0.000004 0.000002 -0.000020 
1 -0.294054 0.312274 -0.126463 0.022347 -0.006840 -0.006765 -0.000004 0.000003 -0.000013 
1 -0.421015 0.212272 -0.149479 0.022155 -0.006634 -0.007449 -0.000003 0.000004 -0.000014 
1 -0.537437 0.110357 -0.138964 0.022069 -0.006411 -0.007990 -0.000001 0.000004 -0.000007 
1 -0.634861 0.012659 -0.131443 0.022094 -0.006203 -0.008585 0.000002 0.000003 -0.000015 
1 -0.710671 -0.073765 -0.128090 0.022247 -0.006044 -0.009763 0.000004 0.000002 -0.000027 
1 -0.765862 -0.143955 -0.106798 0.022558 -0.005947 -0.011024 0.000007 0.000001 -0.000016 
1 -0.800206 -0.197741 -0.084861 0.023060 -0.005925 -0.011524 0.000011 0.000000 -0.000007 
1 -0.812653 -0.237383 -0.099982 0.023813 -0.005985 -0.012204 0.000016 -0.000002 -0.000016 
1 -0.803522 -0.262768 -0.092745 0.024831 -0.006121 -0.012930 0.000021 -0.000003 -0.000007 
1 -0.772613 -0.276293 -0.045272 0.026099 -0.006313 -0.012963 0.000025 -0.000004 0.000001 
1 -0.721301 -0.280842 -0.011922 0.027626 -0.006567 -0.013005 0.000030 -0.000005 -0.000003 
1 -0.649895 -0.277843 0.019630 0.029416 -0.006893 -0.012982 0.000034 -0.000006 0.000008 
1 -0.560514 -0.268664 0.073618 0.031417 -0.007277 -0.011801 0.000037 -0.000007 0.000032 
1 -0.460498 -0.256315 0.134248 0.033542 -0.007705 -0.009952 0.000039 -0.000008 0.000035 
1 -0.361183 -0.243771 0.123511 0.035726 -0.008167 -0.007898 0.000040 -0.000009 0.000037 
1 -0.270999 -0.232304 0.143474 0.037956 -0.008659 -0.005953 0.000040 -0.000009 0.000033 
1 -0.193408 -0.223128 0.176964 0.040211 -0.009173 -0.003925 0.000041 -0.000010 0.000041 
1 -0.129022 -0.216060 0.173364 0.042462 -0.009717 -0.001642 0.000040 -0.000010 0.000042 
1 -0.078046 -0.210302 0.135497 0.044683 -0.010286 0.000723 0.000040 -0.000010 0.000043 
1 -0.039932 -0.205972 0.144145 0.046873 -0.010874 0.003281 0.000039 -0.000011 0.000051 
1 -0.013999 -0.203080 0.149112 0.049047 -0.011486 0.006193 0.000039 -0.000011 0.000052 
1 0.002723 -0.201227 0.148382 0.051187 -0.012121 0.008755 0.000038 -0.000011 0.000041 
1 0.014146 -0.200891 0.144193 0.053237 -0.012759 0.011201 0.000036 -0.000012 0.000048 
1 0.019516 -0.201965 0.137362 0.055161 -0.013404 0.013845 0.000033 -0.000012 0.000045 
1 0.017218 -0.203665 0.133486 0.056952 -0.014056 0.016135 0.000031 -0.000012 0.000038 
1 0.005052 -0.205477 0.138081 0.058568 -0.014706 0.018018 0.000027 -0.000012 0.000028 
1 -0.020216 -0.209255 0.127242 0.059987 -0.015341 0.019384 0.000024 -0.000011 0.000026 
1 -0.059375 -0.215977 0.093654 0.061216 -0.015961 0.020857 0.000021 -0.000011 0.000025 
1 -0.110455 -0.223085 0.101172 0.062285 -0.016561 0.022079 0.000018 -0.000011 0.000017 
1 -0.168224 -0.227956 0.118620 0.063215 -0.017137 0.022716 0.000015 -0.000010 0.000009 
1 -0.225094 -0.229798 0.077784 0.064000 -0.017701 0.023140 0.000013 -0.000010 0.000007 
1 -0.274120 -0.229789 0.045365 0.064651 -0.018250 0.023365 0.000011 -0.000010 -0.000001 
1 -0.312223 -0.229082 0.068170 0.065190 -0.018761 0.023062 0.000009 -0.000009 -0.000010 
1 -0.339124 -0.230032 0.093805 0.065619 -0.019225 0.022184 0.000007 -0.000008 -0.000017 
1 -0.356163 -0.232983 0.055712 0.065921 -0.019640 0.021617 0.000004 -0.000007 -0.000008 
1 -0.366217 -0.237691 0.047107 0.066078 -0.019998 0.021113 0.000002 -0.000006 -0.000006 
1 -0.374543 -0.244099 0.020433 0.066099 -0.020307 0.021031 -0.000001 -0.000005 0.000001 
1 -0.383433 -0.251250 -0.032898 0.066016 -0.020587 0.020832 -0.000002 -0.000005 -0.000007 
1 -0.389784 -0.256638 -0.059499 0.065835 -0.020850 0.020791 -0.000004 -0.000005 0.000004 
1 -0.392571 -0.258669 -0.038295 0.065541 -0.021089 0.021113 -0.000006 -0.000004 0.000010 
1 -0.392882 -0.258238 -0.038327 0.065142 -0.021302 0.021596 -0.000008 -0.000004 0.000003 
1 -0.390583 -0.257613 -0.025572 0.064660 -0.021478 0.021775 -0.000009 -0.000003 0.000005 
1 -0.385071 -0.258983 0.019254 0.064100 -0.021599 0.025558 -0.000011 -0.000002 0.000531 
1 -0.378365 -0.264584 0.050934 0.063478 -0.021687 0.172995 -0.000011 -0.000002 0.003673 
1 -0.371303 -0.273573 0.087591 0.062922 -0.021762 0.328676 -0.000008 -0.000001 0.001994 
1 -0.362250 -0.286192 0.080101 0.062634 -0.021772 0.399824 -0.000002 0.000001 0.000617 
1 -0.349450 -0.307749 0.056627 0.062705 -0.021698 0.405488 0.000005 0.000002 -0.000384 
1 -0.327358 -0.343279 0.072080 0.063187 -0.021534 0.362654 0.000013 0.000004 -0.001112 
1 -0.285828 -0.390444 0.075892 0.064132 -0.021288 0.286325 0.000021 0.000005 -0.001593 
1 -0.213945 -0.439864 0.113288 0.065474 -0.020987 0.189645 0.000027 0.000006 -0.001856 
1 -0.107718 -0.481373 0.170356 0.067079 -0.020645 0.084243 0.000030 0.000006 -0.001919 
1 0.029500 -0.509254 0.265674 0.068802 -0.020291 -0.020658 0.000031 0.000006 -0.001833 
1 0.190393 -0.523376 0.308332 0.070438 -0.019942 -0.117348 0.000027 0.000006 -0.001636 
1 0.361357 -0.526447 0.241489 0.071760 -0.019629 -0.201276 0.000020 0.000005 -0.001380 
1 0.525424 -0.516026 0.149315 0.072568 -0.019403 -0.270029 0.000009 0.000003 -0.001082 
1 0.663649 -0.489198 0.101183 0.072693 -0.019288 -0.321368 -0.000005 0.000001 -0.000779 
1 0.759776 -0.446275 0.024450 0.072044 -0.019295 -0.350370 -0.000019 -0.000001 -0.000212 
1 0.800797 -0.390237 -0.064679 0.070607 -0.019404 -0.352509 -0.000033 -0.000003 0.000103 
1 0.779586 -0.324249 -0.094148 0.068428 -0.019576 -0.340357 -0.000045 -0.000003 0.000328 
1 0.695834 -0.255140 -0.108076 0.065590 -0.019755 -0.317042 -0.000056 -0.000003 0.000507 
1 0.554698 -0.190703 -0.125802 0.062188 -0.019924 -0.284773 -0.000066 -0.000003 0.000648 
0 0.364254 -0.137154 -0.146839 0.058348 -0.020075 -0.245892 -0.000072 -0.000002 0.000744 
0 0.138933 -0.099056 -0.106951 0.054232 -0.020188 -0.203133 -0.000076 -0.000002 0.000786 
0 -0.099512 -0.077635 -0.062450 0.049998 -0.020273 -0.159427 -0.000077 -0.000001 0.000785 
0 -0.343846 -0.069064 -0.022183 0.045747 -0.020352 -0.116164 -0.000076 -0.000001 0.000769 
0 -0.613759 -0.069132 0.016816 0.041610 -0.020416 -0.074944 -0.000072 -0.000001 0.000711 
0 -0.940126 -0.074571 0.062056 0.037774 -0.020464 -0.037406 -0.000065 -0.000001 0.000638 
0 -1.342060 -0.080824 0.090168 0.034389 -0.020475 -0.004494 -0.000056 0.000000 0.000544 
0 -1.823960 -0.084284 0.118394 0.031605 -0.020440 0.023053 -0.000043 0.000001 0.000449 
0 -2.375790 -0.081176 0.137183 0.029646 -0.020375 0.045472 -0.000026 0.000001 0.000358 
0 -2.973420 -0.070811 0.139755 0.028750 -0.020273 0.062515 -0.000005 0.000002 0.000257 
0 -3.580850 -0.054314 0.135969 0.029072 -0.020121 0.074384 0.000017 0.000003 0.000175 
0 -4.161640 -0.032844 0.120252 0.030786 -0.019933 0.082285 0.000045 0.000004 0.000111 
0 -4.686340 -0.008059 0.095468 0.034173 -0.019714 0.086914 0.000077 0.000004 0.000056 
0 -5.133270 0.018000 0.092943 0.039352 -0.019457 0.088556 0.000110 0.000005 0.000010 
0 -5.490280 0.043432 0.069088 0.046339 -0.019160 0.088221 0.000142 0.000006 -0.000026 
0 -5.753000 0.069436 0.027706 0.055137 -0.018832 0.085530 0.000175 0.000006 -0.000071 
0 -5.924360 0.095655 0.029355 0.065759 -0.018475 0.080677 0.000208 0.000007 -0.000101 
0 -6.012040 0.119056 0.033119 0.078274 -0.018085 0.074662 0.000242 0.000007 -0.000118 
0 -6.027780 0.137330 0.051931 0.092667 -0.017659 0.067498 0.000276 0.000008 -0.000139 
0 -5.985240 0.149288 0.081083 0.108852 -0.017180 0.059434 0.000307 0.000009 -0.000147 
0 -5.895840 0.151960 0.054139 0.126723 -0.016637 0.052507 0.000337 0.000010 -0.000112 
0 -5.772440 0.144676 0.002552 0.146362 -0.016072 0.045110 0.000370 0.000010 -0.000148 
0 -5.624720 0.122492 -0.043212 0.167890 -0.015487 0.036466 0.000405 0.000011 -0.000166 
0 -5.438820 0.065656 -0.102650 0.191221 -0.014890 0.027021 0.000434 0.000010 -0.000167 
0 -5.179100 -0.058055 -0.165904 0.216029 -0.014352 0.018087 0.000458 0.000009 -0.000156 
0 -4.813590 -0.279887 -0.263274 0.241953 -0.013945 0.009708 0.000475 0.000006 -0.000143 
0 -4.331360 -0.615422 -0.437361 0.268774 -0.013766 0.002300 0.000490 0.000000 -0.000125 
0 -3.742850 -1.061770 -0.598734 0.296389 -0.013962 -0.002315 0.000504 -0.000008 -0.000028 
0 -3.076300 -1.602050 -0.680843 0.324749 -0.014694 -0.003793 0.000516 -0.000019 -0.000026 
0 -2.369060 -2.209340 -0.693343 0.353544 -0.016104 -0.004446 0.000520 -0.000032 -0.000004 
0 -1.658640 -2.851910 -0.618859 0.382300 -0.018360 -0.004794 0.000514 -0.000049 -0.000013 
0 -0.981682 -3.497320 -0.488485 0.410519 -0.021650 -0.005905 0.000500 -0.000069 -0.000023 
0 -0.369932 -4.115760 -0.301396 0.437707 -0.026070 -0.007184 0.000477 -0.000090 -0.000024 
0 0.158341 -4.684040 -0.076730 0.463420 -0.031679 -0.008515 0.000448 -0.000112 -0.000028 
0 0.596936 -5.187270 0.145310 0.487469 -0.038545 -0.010135 0.000418 -0.000135 -0.000028 
0 0.946537 -5.617060 0.435630 0.509774 -0.046744 -0.011782 0.000385 -0.000160 -0.000034 
0 1.206740 -5.970170 0.773434 0.530243 -0.056353 -0.013947 0.000352 -0.000186 -0.000040 
0 1.384250 -6.245700 1.062960 0.548853 -0.067395 -0.015998 0.000318 -0.000211 -0.000036 
0 1.491650 -6.447380 1.304790 0.565487 -0.079816 -0.018124 0.000281 -0.000235 -0.000045 
0 1.539900 -6.581810 1.435100 0.580020 -0.093506 -0.020318 0.000242 -0.000257 -0.000028 
0 1.537150 -6.656870 1.472140 0.592395 -0.108407 -0.021144 0.000203 -0.000279 -0.000004 
0 1.491610 -6.682240 1.562710 0.602600 -0.124466 -0.021030 0.000164 -0.000299 0.000005 
0 1.418120 -6.660950 1.583540 0.610702 -0.141714 -0.020694 0.000127 -0.000322 0.000011 
0 1.356820 -6.579600 1.451640 0.616733 -0.160298 -0.019501 0.000090 -0.000347 0.000028 
0 1.363490 -6.412010 1.211260 0.620701 -0.180176 -0.017384 0.000053 -0.000368 0.000051 
0 1.486970 -6.140420 0.976407 0.622647 -0.201194 -0.014370 0.000017 -0.000388 0.000053 
0 1.748250 -5.759600 0.798706 0.622527 -0.223178 -0.011548 -0.000021 -0.000403 0.000042 
0 2.142350 -5.275990 0.657219 0.620228 -0.245883 -0.009252 -0.000062 -0.000413 0.000047 
0 2.644710 -4.706930 0.589816 0.615610 -0.269004 -0.006277 -0.000105 -0.000418 0.000059 
0 3.216470 -4.076770 0.481091 0.608603 -0.292294 -0.002720 -0.000148 -0.000419 0.000073 
0 3.815940 -3.411670 0.368995 0.599083 -0.315508 0.001664 -0.000195 -0.000416 0.000079 
0 4.401930 -2.740850 0.303078 0.586906 -0.338384 0.006448 -0.000244 -0.000407 0.000097 
0 4.938780 -2.091700 0.239216 0.571997 -0.360676 0.011828 -0.000293 -0.000395 0.000093 
0 5.401810 -1.485850 0.196232 0.554387 -0.382224 0.016255 -0.000341 -0.000380 0.000067 
0 5.777460 -0.939371 0.063712 0.534183 -0.402917 0.019429 -0.000386 -0.000364 0.000046 
0 6.060510 -0.461351 -0.138463 0.511525 -0.422677 0.020923 -0.000429 -0.000346 0.000007 
0 6.251650 -0.060339 -0.314611 0.486451 -0.441351 0.020834 -0.000473 -0.000325 -0.000011 
0 6.354890 0.260292 -0.491183 0.458909 -0.458788 0.019379 -0.000518 -0.000302 -0.000044 
0 6.374620 0.504547 -0.667851 0.428924 -0.474887 0.016176 -0.000561 -0.000277 -0.000065 
0 6.317550 0.677733 -0.770068 0.396618 -0.489591 0.012337 -0.000601 -0.000252 -0.000073 
0 6.193920 0.785911 -0.810005 0.362166 -0.502868 0.008279 -0.000638 -0.000226 -0.000072 
0 6.017700 0.839210 -0.912840 0.325716 -0.514737 0.004444 -0.000673 -0.000201 -0.000061 
0 5.797840 0.853085 -1.002850 0.287407 -0.525219 0.001465 -0.000705 -0.000176 -0.000051 
0 5.519450 0.858339 -1.042780 0.247491 -0.534313 -0.001306 -0.000730 -0.000151 -0.000044 
0 5.149980 0.897587 -1.107820 0.206437 -0.541927 -0.003697 -0.000747 -0.000123 -0.000044 
0 4.667400 1.009130 -1.237300 0.164579 -0.547983 -0.006048 -0.000759 -0.000095 -0.000039 
0 4.067490 1.216670 -1.390220 0.122128 -0.552413 -0.007872 -0.000768 -0.000065 -0.000027 
0 3.360620 1.525290 -1.598530 0.079379 -0.555128 -0.008902 -0.000770 -0.000033 -0.000009 
0 2.575350 1.923640 -1.812430 0.036772 -0.556004 -0.008825 -0.000763 0.000001 0.000014 
0 1.755270 2.390110 -1.943190 -0.005232 -0.554951 -0.007000 -0.000748 0.000037 0.000044 
0 0.941922 2.897380 -1.943300 -0.046151 -0.551898 -0.004464 -0.000723 0.000073 0.000047 
0 0.169789 3.416780 -1.851890 -0.085473 -0.546763 -0.001437 -0.000692 0.000112 0.000069 
0 -0.531538 3.922450 -1.657320 -0.122992 -0.539497 0.003585 -0.000659 0.000150 0.000108 
0 -1.139590 4.394710 -1.415160 -0.158598 -0.530103 0.009610 -0.000623 0.000188 0.000104 
0 -1.641250 4.817520 -1.221880 -0.192081 -0.518632 0.015075 -0.000582 0.000225 0.000098 
0 -2.029280 5.180700 -1.034040 -0.223132 -0.505131 0.020452 -0.000536 0.000261 0.000091 
0 -2.302730 5.479930 -0.832829 -0.251558 -0.489624 0.025848 -0.000488 0.000297 0.000101 
0 -2.470380 5.713490 -0.603711 -0.277294 -0.472128 0.031066 -0.000439 0.000333 0.000084 
0 -2.546620 5.882410 -0.399382 -0.300324 -0.452677 0.035021 -0.000390 0.000368 0.000064 
0 -2.547540 5.991870 -0.217582 -0.320685 -0.431292 0.038287 -0.000343 0.000402 0.000054 
0 -1.353910 -0.249135 -0.045216 -0.167157 -0.207028 0.020394 0.006617 0.008378 -0.000790 
0 -0.195804 -6.550160 0.022353 -0.000036 0.000385 0.003100 -0.000001 0.000012 0.000110 
0 -0.174454 -6.543250 0.094523 -0.000155 0.001243 0.011680 -0.000003 0.000018 0.000185 
0 -0.131525 -6.470410 0.158119 -0.000384 0.002361 0.023016 -0.000005 0.000021 0.000227 
0 -0.069136 -6.300640 0.268134 -0.000731 0.003572 0.036637 -0.000007 0.000022 0.000263 
0 0.005120 -6.020480 0.398400 -0.001202 0.004745 0.052434 -0.000009 0.000020 0.000302 
0 0.080166 -5.635300 0.546256 -0.001768 0.005713 0.069599 -0.000011 0.000015 0.000319 
0 0.149053 -5.160500 0.701579 -0.002367 0.006353 0.087978 -0.000011 0.000008 0.000340 
0 0.212595 -4.612300 0.849701 -0.003010 0.006660 0.107498 -0.000012 0.000003 0.000363 
0 0.269910 -4.009930 1.025440 -0.003757 0.006684 0.127385 -0.000015 -0.000002 0.000351 
0 0.314606 -3.379330 1.174790 -0.004626 0.006461 0.146604 -0.000016 -0.000006 0.000340 
0 0.341492 -2.747180 1.269080 -0.005573 0.006000 0.165075 -0.000017 -0.000010 0.000328 
0 0.349043 -2.134890 1.280680 -0.006481 0.005345 0.183097 -0.000015 -0.000013 0.000319 
0 0.341439 -1.560690 1.295210 -0.007241 0.004584 0.200200 -0.000012 -0.000014 0.000298 
0 0.330289 -1.040780 1.283950 -0.007869 0.003798 0.216633 -0.000010 -0.000014 0.000295 
0 0.326177 -0.588760 1.223520 -0.008420 0.003032 0.232797 -0.000009 -0.000013 0.000279 
0 0.327523 -0.211733 1.074420 -0.008900 0.002325 0.247266 -0.000008 -0.000012 0.000242 
0 0.328158 0.088317 0.875221 -0.009268 0.001783 0.260007 -0.000006 -0.000007 0.000218 
0 0.327373 0.311766 0.719423 -0.009546 0.001526 0.271508 -0.000004 -0.000002 0.000197 
0 0.326455 0.459106 0.610857 -0.009747 0.001597 0.281915 -0.000003 0.000004 0.000173 
0 0.324584 0.531877 0.510548 -0.009880 0.001953 0.290896 -0.000002 0.000009 0.000154 
0 0.320635 0.537762 0.416190 -0.009909 0.002528 0.299457 0.000001 0.000012 0.000150 
0 0.316186 0.491527 0.353817 -0.009821 0.003312 0.306615 0.000002 0.000016 0.000106 
0 0.312764 0.407487 0.320292 -0.009655 0.004280 0.311441 0.000004 0.000019 0.000073 
0 0.307969 0.295056 0.251396 -0.009400 0.005381 0.314904 0.000006 0.000021 0.000053 
0 0.302388 0.165028 0.182575 -0.008971 0.006549 0.317217 0.000010 0.000021 0.000031 
0 0.301456 0.029937 0.161318 -0.008347 0.007751 0.318457 0.000012 0.000022 0.000014 
0 0.308383 -0.100513 0.109125 -0.007648 0.008954 0.319026 0.000013 0.000021 0.000008 
0 0.325113 -0.213484 -1.184450 -0.006887 0.010118 0.319319 0.000014 0.000021 0.000000 
0 0.377790 -0.283588 -5.220860 -0.006110 0.011291 0.318709 0.000013 0.000022 -0.000021 
0 0.487567 -0.295946 -12.146500 -0.005466 0.012647 0.317123 0.000010 0.000027 -0.000033 
0 0.632475 -0.271313 -21.172600 -0.005049 0.014366 0.315090 0.000006 0.000035 -0.000045 
0 0.755038 -0.257536 -31.238800 -0.004775 0.016517 0.311683 0.000005 0.000043 -0.000080 
0 0.811457 -0.291268 -41.426601 -0.004493 0.019080 0.306556 0.000006 0.000050 -0.000105 
0 0.790232 -0.386748 -51.156300 -0.004053 0.021999 0.299796 0.000010 0.000055 -0.000138 
0 0.707106 -0.543179 -59.958698 -0.003319 0.025083 0.290765 0.000017 0.000056 -0.000196 
0 0.591033 -0.745780 -67.539902 -0.002161 0.028093 0.277827 0.000025 0.000052 -0.000269 
0 0.470528 -0.967941 -73.771400 -0.000651 0.030865 0.260980 0.000029 0.000047 -0.000336 
0 0.366977 -1.180540 -78.723701 0.001037 0.033287 0.240773 0.000031 0.000040 -0.000388 
0 0.293002 -1.360000 -82.525200 0.002724 0.035292 0.218244 0.000029 0.000032 -0.000421 
0 0.250577 -1.491160 -85.284698 0.004219 0.036899 0.194467 0.000025 0.000025 -0.000433 
0 0.230956 -1.567960 -87.120399 0.005566 0.038150 0.170571 0.000024 0.000020 -0.000425 
0 0.226970 -1.596040 -88.240501 0.006996 0.039070 0.147310 0.000028 0.000013 -0.000412 
0 0.240000 -1.585770 -88.824203 0.008785 0.039610 0.124975 0.000037 0.000006 -0.000389 
0 0.279042 -1.545990 -89.068604 0.011059 0.039728 0.105181 0.000044 -0.000002 -0.000316 
0 0.357697 -1.484810 -89.092697 0.013443 0.039390 0.088323 0.000041 -0.000010 -0.000302 
0 0.472871 -1.408600 -88.895401 0.015592 0.038597 0.070690 0.000036 -0.000018 -0.000323 
0 0.598823 -1.319440 -88.538101 0.017453 0.037390 0.053627 0.000031 -0.000025 -0.000293 
0 0.706525 -1.217820 -88.116600 0.019064 0.035786 0.037790 0.000028 -0.000032 -0.000277 
0 0.782143 -1.103860 -87.743103 0.020604 0.033795 0.023255 0.000028 -0.000039 -0.000245 
0 0.825398 -0.975608 -87.420799 0.022242 0.031464 0.010481 0.000031 -0.000045 -0.000218 
0 0.849293 -0.831877 -87.184998 0.024094 0.028874 -0.001224 0.000035 -0.000048 -0.000202 
0 0.876134 -0.678097 -87.025597 0.026169 0.026073 -0.011927 0.000039 -0.000052 -0.000188 
0 0.923917 -0.522566 -86.893997 0.028415 0.023080 -0.021971 0.000041 -0.000055 -0.000170 
0 0.996097 -0.373205 -86.798599 0.030713 0.019923 -0.030764 0.000042 -0.000058 -0.000146 
0 1.086530 -0.234656 -86.709999 0.033059 0.016629 -0.038075 0.000043 -0.000060 -0.000117 
0 1.189940 -0.109412 -86.656998 0.035467 0.013251 -0.043777 0.000044 -0.000061 -0.000089 
0 1.301920 0.002627 -86.612396 0.037943 0.009872 -0.048295 0.000045 -0.000060 -0.000078 
0 1.417600 0.101620 -86.542702 0.040495 0.006585 -0.052331 0.000047 -0.000058 -0.000067 
0 1.536470 0.184779 -86.501099 0.043123 0.003454 -0.055715 0.000047 -0.000055 -0.000054 
0 1.660450 0.248807 -86.506699 0.045726 0.000478 -0.058279 0.000046 -0.000052 -0.000040 
0 1.783960 0.292503 -86.523499 0.048231 -0.002330 -0.060094 0.000044 -0.000049 -0.000032 
0 1.899170 0.316859 -86.597504 0.050637 -0.004912 -0.062666 0.000042 -0.000044 -0.000044 
0 1.999910 0.323861 -86.627998 0.052907 -0.007252 -0.064011 0.000040 -0.000040 -0.000010 
0 2.080430 0.315108 -86.647697 0.055064 -0.009319 -0.064905 0.000038 -0.000035 -0.000029 
0 2.141540 0.291763 -86.703903 0.057096 -0.011113 -0.065735 0.000035 -0.000030 0.000000 
0 2.186640 0.256309 -86.800400 0.058928 -0.012694 -0.065374 0.000031 -0.000027 0.000012 
0 2.215970 0.213748 -86.751503 0.060491 -0.014103 -0.064438 0.000025 -0.000024 0.000026 
0 2.232180 0.172010 -85.010300 0.061715 -0.015426 -0.062692 0.000018 -0.000024 0.000033 
0 2.238290 0.140889 -80.929901 0.062513 -0.016777 -0.060976 0.000010 -0.000025 0.000024 
0 2.226610 0.128520 -75.068703 0.062871 -0.018187 -0.060479 0.000003 -0.000026 -0.000007 
0 2.186710 0.142175 -67.922096 0.062855 -0.019711 -0.061935 -0.000003 -0.000029 -0.000047 
0 2.113730 0.184158 -59.977100 0.062570 -0.021362 -0.065497 -0.000007 -0.000031 -0.000081 
0 2.014660 0.254749 -51.736198 0.062106 -0.023150 -0.070804 -0.000010 -0.000033 -0.000111 
0 1.904660 0.351523 -43.633598 0.061445 -0.025061 -0.078027 -0.000014 -0.000035 -0.000146 
0 1.796200 0.469097 -35.984798 0.060507 -0.027068 -0.087024 -0.000019 -0.000037 -0.000181 
0 1.691060 0.601688 -29.014400 0.059305 -0.029150 -0.098160 -0.000024 -0.000038 -0.000218 
0 1.588420 0.745102 -22.865200 0.057872 -0.031266 -0.111073 -0.000028 -0.000038 -0.000248 
0 1.491550 0.893375 -17.581100 0.056243 -0.033363 -0.125669 -0.000031 -0.000037 -0.000274 
0 1.403270 1.038350 -13.160400 0.054420 -0.035392 -0.141441 -0.000034 -0.000036 -0.000294 
0 1.321250 1.170970 -9.560710 0.052433 -0.037299 -0.157962 -0.000037 -0.000033 -0.000299 
0 1.245320 1.283520 -6.712760 0.050316 -0.039020 -0.174403 -0.000039 -0.000029 -0.000292 
0 1.176820 1.369350 -4.504880 0.048085 -0.040519 -0.190654 -0.000041 -0.000025 -0.000289 
0 1.117420 1.426350 -2.779490 0.045758 -0.041770 -0.206593 -0.000043 -0.000020 -0.000285 
0 1.067240 1.454770 -1.509950 0.043334 -0.042753 -0.221984 -0.000045 -0.000015 -0.000268 
0 1.023460 1.455160 -0.652086 0.040803 -0.043468 -0.236625 -0.000047 -0.000011 -0.000262 
0 0.980085 1.429880 -0.045870 0.038168 -0.043932 -0.250932 -0.000048 -0.000006 -0.000250 
0 0.931590 1.383920 0.330510 0.035459 -0.044157 -0.264466 -0.000049 -0.000002 -0.000239 
0 0.877058 1.323660 0.586914 0.032698 -0.044163 -0.277533 -0.000050 0.000002 -0.000232 
0 0.818894 1.252800 0.744349 0.029898 -0.043953 -0.290008 -0.000051 0.000006 -0.000215 
0 0.761304 1.175260 0.792708 0.027105 -0.043535 -0.300219 -0.000050 0.000009 -0.000104 
0 0.710694 1.094750 0.810087 0.024358 -0.042929 -0.302050 -0.000049 0.000013 -0.000036 
0 0.670013 1.013020 0.811798 0.021653 -0.042139 -0.305953 -0.000048 0.000016 -0.000097 
0 0.637940 0.931188 0.783073 0.018985 -0.041163 -0.312202 -0.000048 0.000019 -0.000125 
0 0.613837 0.849976 0.733703 0.016337 -0.039992 -0.319888 -0.000048 0.000023 -0.000149 
0 0.595929 0.768892 0.710116 0.013668 -0.038616 -0.328489 -0.000049 0.000026 -0.000158 
0 0.578776 0.684912 0.657041 0.010936 -0.037072 -0.337532 -0.000050 0.000029 -0.000168 
0 0.557348 0.597165 0.578532 0.008149 -0.035405 -0.346557 -0.000051 0.000031 -0.000154 
0 0.530330 0.507507 0.549172 0.005284 -0.033659 -0.354565 -0.000053 0.000032 -0.000135 
0 0.494039 0.417847 0.562014 0.002315 -0.031897 -0.361585 -0.000054 0.000031 -0.000119 
0 0.442375 0.333021 0.534323 -0.000741 -0.030202 -0.367124 -0.000056 0.000029 -0.000073 
0 0.374474 0.259224 0.513738 -0.003853 -0.028643 -0.369579 -0.000057 0.000026 -0.000022 
0 0.293979 0.199402 0.479742 -0.007020 -0.027281 -0.370633 -0.000057 0.000022 -0.000011 
0 0.202992 0.155190 0.419969 -0.010211 -0.026192 -0.370968 -0.000057 0.000017 -0.000009 
0 0.103135 0.133460 0.322976 -0.013370 -0.025464 -0.371063 -0.000056 0.000010 0.000011 
0 -0.000989 0.140502 0.222294 -0.016432 -0.025118 -0.369785 -0.000054 0.000003 0.000033 
0 -0.101737 0.179926 0.162499 -0.019341 -0.025135 -0.367509 -0.000051 -0.000003 0.000051 
0 -0.187561 0.252049 0.322989 -0.022062 -0.025477 -0.364020 -0.000047 -0.000009 0.000075 
0 -0.246398 0.351556 2.539240 -0.024575 -0.026128 -0.359122 -0.000043 -0.000015 0.000103 
0 -0.266168 0.465155 8.026940 -0.026900 -0.027133 -0.352116 -0.000040 -0.000021 0.000150 
0 -0.240558 0.575550 16.393499 -0.029070 -0.028523 -0.342403 -0.000038 -0.000028 0.000201 
0 -0.180763 0.683399 26.593800 -0.031193 -0.030233 -0.329620 -0.000038 -0.000032 0.000261 
0 -0.107413 0.794384 37.518398 -0.033335 -0.032017 -0.313253 -0.000039 -0.000032 0.000327 
0 -0.037861 0.902276 48.273300 -0.035489 -0.033712 -0.293509 -0.000039 -0.000029 0.000389 
0 0.019656 0.992886 58.319599 -0.037655 -0.035218 -0.270147 -0.000039 -0.000025 0.000443 
0 0.062577 1.052250 67.215302 -0.039823 -0.036481 -0.245054 -0.000039 -0.000020 0.000458 
0 0.088644 1.075060 74.801201 -0.041944 -0.037482 -0.219526 -0.000037 -0.000015 0.000463 
0 0.097354 1.060080 80.883698 -0.043944 -0.038208 -0.193185 -0.000035 -0.000011 0.000481 
0 0.096003 1.006250 85.565903 -0.045780 -0.038664 -0.166521 -0.000032 -0.000006 0.000474 
0 0.093285 0.919808 89.003601 -0.047472 -0.038850 -0.140579 -0.000029 -0.000001 0.000462 
0 0.090285 0.813124 91.366501 -0.049000 -0.038782 -0.115080 -0.000026 0.000003 0.000455 
0 0.083569 0.696893 92.907097 -0.050294 -0.038478 -0.090390 -0.000021 0.000007 0.000431 
0 0.071494 0.579168 93.771896 -0.051280 -0.037965 -0.067401 -0.000015 0.000011 0.000404 
0 0.059223 0.467916 94.178596 -0.051904 -0.037268 -0.045636 -0.000008 0.000014 0.000374 
0 0.054642 0.370668 94.226402 -0.052163 -0.036406 -0.025941 -0.000001 0.000017 0.000335 
0 0.061274 0.295038 94.013496 -0.052041 -0.035414 -0.008541 0.000006 0.000019 0.000292 
0 0.078983 0.244349 93.675598 -0.051525 -0.034310 0.006526 0.000013 0.000021 0.000248 
0 0.107377 0.218230 93.300201 -0.050600 -0.033113 0.019092 0.000020 0.000022 0.000206 
0 0.147337 0.213128 92.919800 -0.049253 -0.031825 0.029313 0.000028 0.000024 0.000164 
0 0.202078 0.223341 92.558403 -0.047499 -0.030461 0.037465 0.000035 0.000025 0.000128 
0 0.272116 0.247928 92.228203 -0.045399 -0.029035 0.043396 0.000041 0.000026 0.000088 
0 0.352076 0.286322 91.918900 -0.042995 -0.027564 0.047281 0.000046 0.000027 0.000050 
0 0.434035 0.339693 91.696800 -0.040323 -0.026048 0.049050 0.000050 0.000028 0.000015 
0 0.511886 0.407232 91.486900 -0.037402 -0.024478 0.049147 0.000055 0.000029 -0.000009 
0 0.584914 0.484923 91.286499 -0.034285 -0.022873 0.048372 0.000057 0.000029 -0.000017 
0 0.655972 0.567139 91.106201 -0.031039 -0.021228 0.047289 0.000059 0.000030 -0.000026 
0 0.726151 0.650936 90.912003 -0.027704 -0.019561 0.045592 0.000061 0.000030 -0.000033 
0 0.791945 0.734450 90.742798 -0.024274 -0.017887 0.043584 0.000063 0.000030 -0.000043 
0 0.853019 0.816451 90.630600 -0.020705 -0.016224 0.040826 0.000066 0.000030 -0.000052 
0 0.918955 0.901445 90.568703 -0.017007 -0.014581 0.037761 0.000067 0.000029 -0.000059 
0 1.000610 0.993706 90.521004 -0.013226 -0.012952 0.034336 0.000068 0.000029 -0.000064 
0 1.103310 1.095670 90.513901 -0.009427 -0.011315 0.030714 0.000068 0.000030 -0.000066 
0 1.223370 1.205130 90.504700 -0.005643 -0.009636 0.027034 0.000068 0.000031 -0.000066 
0 1.352040 1.317120 90.505096 -0.001932 -0.007871 0.023408 0.000066 0.000033 -0.000064 
0 1.475500 1.423340 90.497704 0.001670 -0.005976 0.019922 0.000064 0.000036 -0.000061 
0 1.581740 1.514490 90.502602 0.005158 -0.003895 0.016743 0.000062 0.000039 -0.000047 
0 0.327121 0.049053 0.000593 -0.000004 -0.000001 0.000000 0.000000 0.000000 0.000000 
0 0.327294 0.049288 0.002894 -0.000026 -0.000005 0.000000 -0.000001 0.000000 0.000000 
0 0.326979 0.049653 0.005176 -0.000066 -0.000010 0.000000 -0.000001 0.000000 0.000000 
0 0.326116 0.050030 0.008372 -0.000118 -0.000012 0.000000 -0.000001 0.000000 0.000000 
0 0.323555 0.050328 0.019600 -0.000185 -0.000012 0.000000 -0.000001 0.000000 0.000000 
0 0.318680 0.050658 0.028527 -0.000268 -0.000013 0.000000 -0.000002 0.000000 0.000000 
0 0.311672 0.050935 0.033463 -0.000364 -0.000011 0.000000 -0.000002 0.000000 0.000000 
0 0.302654 0.050990 0.040605 -0.000473 -0.000007 0.000000 -0.000002 0.000000 0.000000 
0 0.292061 0.050802 0.061068 -0.000592 -0.000001 0.000000 -0.000002 0.000000 0.000000 
0 0.280865 0.050329 0.087282 -0.000713 0.000010 0.000000 -0.000002 0.000000 0.000000 
0 0.269409 0.049222 0.102470 -0.000835 0.000023 0.000000 -0.000002 0.000000 0.000000 
0 0.257811 0.047531 0.110376 -0.000956 0.000039 0.000000 -0.000002 0.000000 0.000000 
0 0.246373 0.045422 0.118309 -0.001072 0.000056 0.000000 -0.000002 0.000000 0.000000 
0 0.235425 0.043082 0.121227 -0.001182 0.000074 0.000000 -0.000002 0.000000 0.000000 
0 0.225221 0.040550 0.112073 -0.001283 0.000092 0.000000 -0.000002 0.000000 0.000000 
0 0.215852 0.037912 0.092381 -0.001373 0.000111 0.000000 -0.000001 0.000000 0.000000 
0 0.207323 0.035404 0.060482 -0.001451 0.000129 0.000000 -0.000001 0.000000 0.000000 
0 0.199302 0.033139 0.037126 -0.001519 0.000148 0.000000 -0.000001 0.000000 0.000000 
0 0.191878 0.030784 0.029444 -0.001579 0.000167 0.000000 -0.000001 0.000000 0.000000 
0 0.185196 0.029328 0.060629 -0.001628 0.000184 0.000000 -0.000001 0.000000 0.000000 
0 0.179166 0.029368 0.059352 -0.001667 0.000199 0.000000 -0.000001 0.000000 0.000000 
0 0.172998 0.030755 0.025471 -0.001697 0.000214 0.000000 0.000000 0.000000 0.000000 
0 0.166613 0.032868 -0.013378 -0.001716 0.000227 0.000000 0.000000 0.000000 0.000000 
0 0.160490 0.035458 -0.015296 -0.001726 0.000239 0.000000 0.000000 0.000000 0.000000 
0 0.155493 0.038444 0.021072 -0.001728 0.000252 0.000000 0.000000 0.000000 0.000000 
0 0.151912 0.041031 0.070886 -0.001721 0.000266 0.000000 0.000000 0.000000 0.000000 
0 0.149038 0.043022 0.106972 -0.001710 0.000281 0.000000 0.000000 0.000000 0.000000 
0 0.146669 0.045080 0.157751 -0.001695 0.000296 0.000000 0.000000 0.000000 0.000000 
0 0.145191 0.047657 0.197239 -0.001677 0.000313 0.000000 0.000000 0.000000 0.000000 
0 0.143979 0.050086 0.197743 -0.001657 0.000332 0.000000 0.000000 0.000000 0.000000 
0 0.142793 0.051965 0.199323 -0.001634 0.000350 0.000000 0.000000 0.000000 0.000000 
0 0.142012 0.054210 0.178612 -0.001608 0.000368 0.000000 0.000001 0.000000 0.000000 
0 0.141361 0.055449 0.121680 -0.001581 0.000386 0.000000 0.000000 0.000000 0.000000 
0 0.139205 0.053993 0.076326 -0.001557 0.000400 0.000000 0.000000 0.000000 0.000000 
0 0.136017 0.051250 0.003212 -0.001533 0.000407 0.000000 0.000000 0.000000 0.000000 
0 0.131978 0.047395 -0.122186 -0.001513 0.000406 0.000000 0.000000 0.000000 0.000000 
0 0.126871 0.044128 -0.344412 -0.001495 0.000400 0.000000 0.000000 0.000000 0.000000 
0 0.120043 0.041631 -0.662311 -0.001483 0.000393 0.000000 0.000000 0.000000 0.000000 
0 0.112423 0.039324 -1.017030 -0.001470 0.000387 0.000000 0.000000 0.000000 0.000000 
0 0.103481 0.037307 -1.380350 -0.001453 0.000380 0.000000 0.000000 0.000000 0.000000 
0 0.092357 0.036635 -1.771400 -0.001427 0.000375 0.000000 0.000001 0.000000 0.000000 
0 0.080940 0.036712 -2.322080 -0.001390 0.000369 0.000000 0.000001 0.000000 0.000000 
0 0.070774 0.036348 -2.877230 -0.001351 0.000361 0.000000 0.000001 0.000000 0.000000 
0 0.062087 0.036566 -3.230200 -0.001315 0.000347 0.000000 0.000001 0.000000 0.000000 
0 0.054091 0.038779 -3.352680 -0.001285 0.000335 0.000000 0.000000 0.000000 0.000000 
0 0.045915 0.041224 -3.218150 -0.001264 0.000330 0.000000 0.000000 0.000000 0.000000 
0 0.036982 0.043325 -2.849880 -0.001257 0.000332 0.000000 0.000000 0.000000 0.000000 
0 0.029327 0.043733 -2.258110 -0.001272 0.000345 0.000000 -0.000001 0.000000 0.000000 
0 0.021602 0.040891 -1.410830 -0.001326 0.000366 0.000000 -0.000001 0.000000 0.000000 
0 -0.004336 0.040933 -0.473554 -0.001411 0.000394 0.000000 -0.000002 0.000001 0.000000 
0 -0.066243 0.049408 0.477890 -0.001508 0.000431 0.000000 -0.000002 0.000001 0.000000 
0 -0.172460 0.070400 1.449150 -0.001597 0.000474 0.000000 -0.000001 0.000001 0.000000 
0 -0.307798 0.116312 2.376030 -0.001652 0.000534 0.000000 -0.000001 0.000001 0.000000 
0 -0.441826 0.198492 3.094110 -0.001673 0.000617 0.000000 0.000000 0.000002 0.000000 
0 -0.549838 0.332825 3.582900 -0.001678 0.000733 0.000000 0.000000 0.000003 0.000000 
0 -0.634573 0.519248 3.682610 -0.001659 0.000900 0.000000 0.000001 0.000004 0.000000 
0 -0.698344 0.730680 3.442720 -0.001585 0.001118 0.000000 0.000002 0.000004 0.000000 
0 -0.727640 0.935022 3.079750 -0.001459 0.001372 0.000000 0.000003 0.000005 0.000000 
0 -0.695116 1.111390 2.679180 -0.001310 0.001650 0.000000 0.000003 0.000005 0.000000 
0 -0.583574 1.257150 2.330170 -0.001172 0.001946 0.000000 0.000002 0.000005 0.000000 
0 -0.378628 1.373220 2.008590 -0.001077 0.002254 0.000000 0.000001 0.000006 0.000000 
0 -0.061107 1.461290 1.753180 -0.001080 0.002576 0.000000 -0.000001 0.000006 0.000000 
0 0.364840 1.525120 0.752240 -0.001256 0.002913 0.000000 -0.000005 0.000006 0.000000 
0 0.862319 1.571760 -13.594500 -0.001638 0.003263 0.022975 -0.000009 0.000006 0.001483 
0 1.382570 1.604200 -26.840300 -0.002222 0.003624 0.146891 -0.000013 0.000007 0.002309 
0 1.888270 1.623370 -33.557301 -0.003186 0.004043 0.266246 -0.000023 0.000009 0.002012 
0 2.362480 1.636860 -35.459499 -0.004872 0.004608 0.371568 -0.000038 0.000012 0.001790 
0 2.774480 1.645410 -34.064098 -0.007533 0.005432 0.465984 -0.000059 0.000019 0.001609 
0 3.078980 1.643290 -30.622200 -0.011638 0.006815 0.550349 -0.000091 0.000030 0.001432 
0 3.234570 1.614380 -26.069500 -0.017818 0.008664 0.625000 -0.000132 0.000036 0.001256 
0 3.195580 1.549290 -21.087099 -0.026303 0.010724 0.690093 -0.000172 0.000038 0.001087 
0 2.924990 1.452850 -16.179701 -0.036748 0.012864 0.745877 -0.000202 0.000039 0.000925 
0 2.426040 1.341440 -11.700200 -0.048538 0.015099 0.792938 -0.000220 0.000041 0.000767 
0 1.748730 1.229640 -7.851720 -0.060995 0.017464 0.831054 -0.000227 0.000044 0.000610 
0 0.967819 1.122070 -4.740440 -0.073630 0.019920 0.860746 -0.000227 0.000045 0.000446 
0 0.155391 1.015410 -2.407750 -0.086286 0.022427 0.879424 -0.000230 0.000046 0.000229 
0 -0.636645 0.900955 -0.764286 -0.099427 0.025018 0.886292 -0.000243 0.000048 0.000021 
0 -1.392320 0.773943 0.299492 -0.113265 0.027777 0.881148 -0.000254 0.000052 -0.000211 
0 -2.124330 0.631738 0.919280 -0.127370 0.030800 0.863062 -0.000252 0.000057 -0.000447 
0 -2.841200 0.469534 1.220800 -0.141085 0.034115 0.830915 -0.000240 0.000062 -0.000706 
0 -3.522920 0.282777 1.305020 -0.153820 0.037661 0.785250 -0.000217 0.000065 -0.000933 
0 -4.125850 0.072560 1.229830 -0.165032 0.041320 0.728048 -0.000185 0.000066 -0.001119 
0 -4.596930 -0.153535 1.076990 -0.174318 0.044966 0.661638 -0.000148 0.000065 -0.001267 
0 -4.890120 -0.381718 0.835258 -0.181487 0.048472 0.588039 -0.000110 0.000061 -0.001372 
0 -4.978840 -0.592497 0.570933 -0.186510 0.051732 0.510112 -0.000071 0.000056 -0.001428 
0 -4.866930 -0.770289 0.349512 -0.189445 0.054708 0.430749 -0.000034 0.000051 -0.001420 
0 -4.582320 -0.906876 0.135724 -0.190348 0.057367 0.352154 0.000002 0.000045 -0.001403 
0 -4.163640 -0.998890 -0.040265 -0.189322 0.059676 0.275867 0.000035 0.000038 -0.001337 
0 -3.651080 -1.047820 -0.152385 -0.186517 0.061607 0.204052 0.000066 0.000031 -0.001247 
0 -3.083330 -1.055730 -0.217404 -0.182086 0.063148 0.137454 0.000093 0.000024 -0.001148 
0 -2.491260 -1.024420 -0.256155 -0.176212 0.064296 0.076998 0.000117 0.000017 -0.001029 
0 -1.899510 -0.959343 -0.275048 -0.169120 0.065071 0.023255 0.000137 0.000011 -0.000901 
0 -1.326730 -0.868160 -0.273617 -0.161054 0.065495 -0.022937 0.000152 0.000005 -0.000761 
0 -0.789572 -0.758342 -0.296785 -0.152309 0.065584 -0.060800 0.000162 -0.000001 -0.000601 
1 -0.310646 -0.634025 -0.327459 -0.143159 0.065368 -0.090774 0.000167 -0.000006 -0.000476 
1 0.089444 -0.498100 -0.328366 -0.133843 0.064905 -0.113155 0.000168 -0.000010 -0.000326 
1 0.400475 -0.356534 -0.283170 -0.124575 0.064267 -0.127481 0.000165 -0.000013 -0.000195 
1 0.620381 -0.217235 -0.249716 -0.115503 0.063504 -0.135515 0.000161 -0.000015 -0.000095 
1 0.752419 -0.085932 -0.246335 -0.106705 0.062634 -0.137998 0.000155 -0.000016 0.000003 
1 0.804664 0.032514 -0.253346 -0.098249 0.061679 -0.135465 0.000149 -0.000018 0.000086 
1 0.787608 0.130625 -0.225538 -0.090126 0.060665 -0.128854 0.000144 -0.000019 0.000149 
1 0.717337 0.204201 -0.182419 -0.082278 0.059601 -0.119237 0.000139 -0.000020 0.000196 
1 0.617019 0.254558 -0.126582 -0.074693 0.058475 -0.107511 0.000134 -0.000021 0.000224 
1 0.508179 0.285140 -0.047356 -0.067378 0.057286 -0.094493 0.000129 -0.000022 0.000242 
1 0.401704 0.300410 0.041945 -0.060319 0.056026 -0.080897 0.000125 -0.000023 0.000246 
1 0.303750 0.301495 0.086967 -0.053477 0.054696 -0.067196 0.000121 -0.000025 0.000246 
1 0.224626 0.289691 0.157417 -0.046843 0.053304 -0.053884 0.000117 -0.000026 0.000236 
1 0.175979 0.268834 0.204808 -0.040445 0.051845 -0.040969 0.000113 -0.000027 0.000231 
1 0.158598 0.242779 0.216994 -0.034323 0.050305 -0.028239 0.000108 -0.000028 0.000226 
1 0.163664 0.217478 0.224090 -0.028458 0.048682 -0.016545 0.000104 -0.000030 0.000191 
1 0.184769 0.197884 0.227458 -0.022817 0.046991 -0.006979 0.000099 -0.000031 0.000150 
1 0.217955 0.182392 0.182020 -0.017413 0.045239 0.000004 0.000095 -0.000032 0.000108 
1 0.260043 0.168840 0.113197 -0.012266 0.043437 0.005283 0.000090 -0.000033 0.000081 
1 0.305835 0.158190 0.097082 -0.007409 0.041595 0.008431 0.000085 -0.000033 0.000032 
1 0.349281 0.152416 0.114549 -0.002836 0.039719 0.009644 0.000080 -0.000034 0.000015 
1 0.389964 0.152651 0.087069 0.001441 0.037806 0.010237 0.000074 -0.000035 0.000007 
1 0.428938 0.159063 0.045678 0.005368 0.035873 0.010428 0.000067 -0.000035 0.000000 
1 0.465965 0.169301 0.042629 0.008912 0.033951 0.010297 0.000060 -0.000034 -0.000005 
1 0.496403 0.179242 0.053279 0.012063 0.032068 0.009966 0.000053 -0.000033 -0.000007 
1 0.515529 0.188218 0.041170 0.014832 0.030230 0.009524 0.000046 -0.000033 -0.000007 
1 0.522369 0.196994 0.059565 0.017206 0.028444 0.009108 0.000039 -0.000032 -0.000011 
1 0.517916 0.204730 0.072697 0.019179 0.026716 0.008859 0.000032 -0.000031 0.000002 
1 0.503147 0.209122 0.069988 0.020784 0.025042 0.008816 0.000026 -0.000030 -0.000004 
1 0.480566 0.209562 0.070562 0.022043 0.023438 0.008518 0.000020 -0.000028 -0.000007 
1 0.452578 0.206508 0.063864 0.022962 0.021918 0.008053 0.000014 -0.000027 -0.000010 
1 0.416336 0.197507 0.036570 0.023571 0.020473 0.007464 0.000009 -0.000025 -0.000012 
1 0.370470 0.180639 0.011249 0.023927 0.019095 0.006507 0.000004 -0.000024 -0.000018 
1 0.316259 0.156749 0.020827 0.024030 0.017788 0.005658 0.000000 -0.000023 -0.000020 
1 0.250781 0.126586 0.049621 0.023880 0.016552 0.004190 -0.000005 -0.000022 -0.000028 
1 0.164548 0.089687 0.032158 0.023532 0.015372 0.003011 -0.000007 -0.000021 -0.000015 
1 0.054148 0.045629 0.039691 0.023117 0.014228 0.002269 -0.000008 -0.000020 -0.000012 
1 -0.069286 -0.003924 0.108966 0.022705 0.013108 0.001734 -0.000007 -0.000020 -0.000008 
1 -0.190949 -0.055674 0.156225 0.022329 0.011993 0.001047 -0.000006 -0.000020 -0.000017 
1 -0.299484 -0.106786 0.156173 0.022021 0.010849 -0.000050 -0.000005 -0.000021 -0.000022 
1 -0.389003 -0.155323 0.133357 0.021821 0.009646 -0.000976 -0.000002 -0.000022 -0.000014 
1 -0.456217 -0.201664 0.152998 0.021790 0.008381 -0.001892 0.000001 -0.000023 -0.000016 
1 -0.496212 -0.244601 0.149904 0.021971 0.007048 -0.002510 0.000005 -0.000025 -0.000004 
1 -0.506401 -0.280612 0.122982 0.022358 0.005630 -0.002349 0.000009 -0.000026 0.000009 
1 -0.491391 -0.306942 0.127954 0.022937 0.004125 -0.001574 0.000012 -0.000028 0.000019 
1 -0.460727 -0.324278 0.154992 0.023710 0.002543 -0.000263 0.000016 -0.000029 0.000028 
1 -0.422461 -0.333804 0.171756 0.024685 0.000888 0.001170 0.000019 -0.000031 0.000021 
1 -0.378523 -0.336441 0.181946 0.025846 -0.000842 0.002339 0.000022 -0.000032 0.000019 
1 -0.332042 -0.334707 0.211312 0.027189 -0.002629 0.002874 0.000026 -0.000033 0.000000 
1 -0.285636 -0.329991 0.251256 0.028712 -0.004481 0.002668 0.000029 -0.000034 -0.000005 
1 -0.239998 -0.322848 0.257988 0.030416 -0.006393 0.002234 0.000032 -0.000035 -0.000012 
1 -0.192138 -0.312024 0.266447 0.032288 -0.008372 0.001252 0.000035 -0.000036 -0.000022 
1 -0.139571 -0.296481 0.308033 0.034306 -0.010404 0.000199 0.000038 -0.000037 -0.000014 
1 -0.082199 -0.274484 0.329312 0.036453 -0.012481 -0.000266 0.000040 -0.000038 -0.000005 
1 -0.019893 -0.245763 0.310293 0.038684 -0.014587 -0.000676 0.000040 -0.000038 -0.000011 
1 0.044842 -0.212418 0.311537 0.040935 -0.016700 -0.001088 0.000041 -0.000038 -0.000002 
1 0.105108 -0.176295 0.314757 0.043181 -0.018805 -0.001388 0.000040 -0.000038 -0.000002 
1 0.155001 -0.140012 0.310821 0.045408 -0.020892 -0.001017 0.000040 -0.000037 0.000010 
1 0.191174 -0.105224 0.313896 0.047565 -0.022941 -0.000496 0.000038 -0.000036 0.000008 
1 0.212232 -0.071955 0.330606 0.049605 -0.024929 -0.000291 0.000036 -0.000035 -0.000001 
1 0.215827 -0.041709 0.328590 0.051540 -0.026853 -0.000668 0.000034 -0.000034 -0.000011 
1 0.201312 -0.017063 0.317102 0.053429 -0.028718 -0.001196 0.000034 -0.000033 -0.000008 
1 0.175166 0.000067 0.272504 0.055291 -0.030503 -0.001427 0.000033 -0.000031 0.000002 
1 0.148803 0.009502 0.246562 0.057101 -0.032199 -0.001231 0.000032 -0.000030 0.000004 
1 0.128567 0.012410 0.225270 0.058850 -0.033806 -0.000959 0.000031 -0.000028 0.000010 
1 0.115567 0.011820 0.180411 0.060530 -0.035339 -0.000060 0.000030 -0.000027 0.000014 
1 0.109667 0.009269 0.149208 0.062134 -0.036795 0.000560 0.000028 -0.000025 0.000013 
1 0.111240 0.004688 0.141382 0.063645 -0.038168 0.001114 0.000026 -0.000024 0.000003 
1 0.117789 -0.002678 0.113844 0.065051 -0.039456 0.000861 0.000024 -0.000022 -0.000012 
1 0.125899 -0.011695 0.062369 0.066338 -0.040667 0.000100 0.000022 -0.000021 -0.000013 
1 0.135431 -0.021362 0.012018 0.067488 -0.041798 -0.000530 0.000019 -0.000020 -0.000010 
1 0.146950 -0.029155 0.012028 0.068488 -0.042855 -0.001738 0.000017 -0.000018 -0.000035 
1 0.159985 -0.034985 0.037933 0.069343 -0.043845 -0.003801 0.000014 -0.000017 -0.000038 
1 0.173343 -0.039051 0.058230 0.070075 -0.044773 -0.005891 0.000012 -0.000016 -0.000036 
1 0.189736 -0.038132 0.069545 0.070676 -0.045642 -0.007681 0.000009 -0.000015 -0.000024 
1 0.212285 -0.028536 0.106626 0.071106 -0.046449 -0.008918 0.000006 -0.000014 -0.000022 
1 0.237726 -0.011306 0.177822 0.071357 -0.047180 -0.009903 0.000003 -0.000012 -0.000013 
1 0.260522 0.009920 0.241591 0.071435 -0.047827 -0.010414 0.000000 -0.000011 -0.000005 
1 0.274988 0.033429 0.281626 0.071339 -0.048385 -0.010535 -0.000003 -0.000009 0.000001 
1 0.280385 0.058629 0.310994 0.071094 -0.048852 -0.010586 -0.000006 -0.000008 -0.000003 
1 0.279742 0.085668 0.349550 0.070683 -0.049218 -0.010504 -0.000009 -0.000006 0.000012 
1 0.271801 0.115257 0.362649 0.070102 -0.049476 -0.008987 -0.000012 -0.000004 0.000036 
1 0.253417 0.147242 0.364053 0.069390 -0.049626 -0.007268 -0.000014 -0.000002 0.000020 
1 0.225893 0.180532 0.309262 0.068584 -0.049663 -0.006766 -0.000015 0.000000 0.000000 
1 0.193216 0.213029 0.249178 0.067722 -0.049583 -0.006695 -0.000016 0.000003 0.000003 
1 0.161958 0.243101 0.232943 0.066840 -0.049383 -0.006545 -0.000016 0.000005 0.000000 
1 0.137841 0.269699 0.200382 0.065965 -0.049065 -0.006626 -0.000016 0.000007 -0.000001 
1 0.124333 0.292383 0.110097 0.065115 -0.048629 -0.006235 -0.000015 0.000009 0.000017 
1 0.124616 0.311162 0.008888 0.064273 -0.048065 -0.004829 -0.000015 0.000011 0.000030 
1 0.138480 0.326805 -0.073548 0.063394 -0.047378 -0.003121 -0.000016 0.000013 0.000029 
1 0.160957 0.340543 -0.119881 0.062484 -0.046586 -0.001695 -0.000017 0.000015 0.000028 
1 0.189413 0.351634 -0.174831 0.061559 -0.045695 -0.000173 -0.000017 0.000017 0.000026 
1 0.222379 0.360588 -0.235626 0.060580 -0.044688 0.001730 -0.000018 0.000019 0.000039 
1 0.255367 0.368303 -0.247269 0.059496 -0.043558 0.003589 -0.000020 0.000021 0.000028 
1 0.281402 0.373148 -0.259249 0.058319 -0.042303 0.004754 -0.000022 0.000024 0.000015 
1 0.297021 0.370690 -0.264380 0.057052 -0.040930 0.005788 -0.000024 0.000026 0.000021 
1 0.301970 0.358509 -0.275376 0.055690 -0.039435 0.006885 -0.000026 0.000028 0.000020 
1 0.296365 0.335882 -0.265715 0.054201 -0.037819 0.007984 -0.000028 0.000030 0.000020 
1 0.276669 0.304508 -0.240308 0.052571 -0.036108 0.008973 -0.000030 0.000032 0.000014 
1 0.239702 0.267660 -0.212608 0.050858 -0.034318 0.009372 -0.000031 0.000033 -0.000002 
1 0.053165 0.073321 -0.097693 0.024773 -0.016467 0.004552 -0.000998 0.000666 -0.000184 
1 -0.096870 -0.090708 0.034512 0.000055 0.000026 0.000239 0.000002 0.000001 0.000009 
1 -0.036967 -0.000153 0.041006 0.000060 0.000024 0.000221 -0.000002 -0.000001 -0.000011 
1 0.002102 0.060300 0.039991 0.000055 0.000012 -0.000372 0.000002 0.000000 -0.000012 
1 0.026060 0.162051 0.034614 0.000012 -0.000001 0.000115 0.000001 0.000000 0.000006 
1 0.006108 0.150928 0.089253 0.000036 -0.000012 0.000289 -0.000001 0.000000 -0.000007 
1 -0.029608 0.145370 0.018045 0.000013 -0.000002 0.000115 0.000000 0.000000 0.000000 
1 -0.051606 0.185377 0.149716 -0.000003 0.000014 0.000321 0.000000 0.000001 0.000013 
1 -0.142631 0.111447 0.006522 -0.000001 0.000003 0.000075 0.000000 0.000000 0.000002 
1 -0.183690 0.036857 0.078777 0.000008 0.000030 0.000387 0.000000 0.000001 0.000009 
1 -0.059986 0.078777 0.023427 0.000001 0.000003 0.000007 0.000000 0.000000 0.000000 
1 -0.069155 0.084404 0.288921 0.000010 0.000009 0.000257 0.000001 0.000000 0.000011 
1 -0.048600 0.023381 0.634600 0.000028 0.000024 0.000543 -0.000001 -0.000001 -0.000013 
1 -0.005923 -0.033481 0.103698 0.000019 -0.000001 -0.000184 0.000000 0.000000 0.000000 
1 0.026083 0.095240 0.034416 0.000023 -0.000005 0.000152 0.000001 0.000000 0.000007 
1 0.136335 0.116683 0.108855 0.000079 -0.000018 0.000372 -0.000002 0.000000 -0.000008 
1 0.283844 0.127250 0.012220 0.000005 -0.000003 -0.000055 0.000000 0.000000 0.000000 
1 0.199172 0.115947 0.385407 0.000028 -0.000008 0.000479 0.000001 0.000000 0.000018 
1 0.195023 0.109591 1.179430 0.000148 -0.000041 0.001449 0.000003 -0.000001 0.000019 
1 0.185776 0.098076 2.113470 0.000333 -0.000113 0.002782 0.000004 -0.000002 0.000025 
1 0.165951 0.083959 3.098470 0.000583 -0.000231 0.003778 0.000005 -0.000003 0.000004 
1 0.140692 0.069406 3.740650 0.000892 -0.000396 0.003777 0.000006 -0.000003 -0.000001 
1 0.115877 0.052202 3.927060 0.001203 -0.000586 0.003810 0.000005 -0.000004 0.000004 
1 0.090742 0.031205 3.801580 0.001473 -0.000808 0.004080 0.000005 -0.000004 0.000005 
1 0.062597 0.008014 3.478480 0.001751 -0.001063 0.004524 0.000005 -0.000005 0.000009 
1 0.032508 -0.015189 3.070710 0.002050 -0.001355 0.004925 0.000005 -0.000006 0.000005 
1 0.002383 -0.038849 2.628310 0.002339 -0.001675 0.005260 0.000005 -0.000006 0.000009 
1 -0.027870 -0.062657 2.182250 0.002600 -0.002030 0.005730 0.000005 -0.000007 0.000007 
1 -0.056303 -0.084219 1.768400 0.002846 -0.002430 0.006285 0.000004 -0.000008 0.000011 
1 -0.080432 -0.102959 1.397150 0.003091 -0.002868 0.006895 0.000005 -0.000008 0.000016 
1 -0.096604 -0.120812 1.082140 0.003337 -0.003321 0.007940 0.000004 -0.000008 0.000017 
1 -0.104898 -0.140564 0.809176 0.003545 -0.003792 0.013689 0.000003 -0.000009 0.000289 
1 -0.111007 -0.162025 0.560067 0.003714 -0.004282 0.035361 0.000003 -0.000009 0.000400 
1 -0.119308 -0.185210 0.321085 0.003880 -0.004783 0.056087 0.000003 -0.000009 0.000341 
1 -0.131266 -0.212348 0.145120 0.004053 -0.005308 0.066462 0.000003 -0.000010 -0.000055 
1 -0.146740 -0.245235 -0.000251 0.004278 -0.005881 0.055426 0.000005 -0.000011 -0.000280 
1 -0.162474 -0.281823 -0.098923 0.004564 -0.006513 0.038157 0.000005 -0.000012 -0.000334 
1 -0.175329 -0.319570 -0.136280 0.004863 -0.007203 0.019139 0.000005 -0.000013 -0.000344 
1 -0.185288 -0.354713 -0.112854 0.005165 -0.007966 0.000792 0.000006 -0.000015 -0.000309 
1 -0.190516 -0.383467 -0.010226 0.005495 -0.008825 -0.014980 0.000006 -0.000016 -0.000257 
1 -0.188451 -0.403973 0.091030 0.005839 -0.009799 -0.027023 0.000006 -0.000019 -0.000181 
1 -0.178490 -0.416864 0.136442 0.006162 -0.010873 -0.035734 0.000005 -0.000020 -0.000136 
1 -0.162220 -0.421235 0.120673 0.006403 -0.012023 -0.042013 0.000003 -0.000021 -0.000085 
1 -0.142368 -0.415900 0.107467 0.006511 -0.013245 -0.045675 0.000001 -0.000023 -0.000047 
1 -0.122755 -0.402155 0.104824 0.006477 -0.014524 -0.037467 -0.000002 -0.000023 0.000374 
1 -0.106420 -0.381934 0.089370 0.006315 -0.015845 -0.020247 -0.000004 -0.000024 0.000218 
1 -0.094927 -0.356202 0.034490 0.006035 -0.017206 -0.012453 -0.000006 -0.000025 0.000074 
1 -0.090368 -0.327032 0.020474 0.005640 -0.018606 -0.010989 -0.000008 -0.000025 -0.000009 
1 -0.093279 -0.297078 0.019677 0.005148 -0.020031 -0.012118 -0.000010 -0.000026 -0.000030 
1 -0.103951 -0.268503 0.027078 0.004592 -0.021482 -0.014373 -0.000010 -0.000026 -0.000051 
1 -0.118746 -0.239295 0.015088 0.004025 -0.022968 -0.017266 -0.000010 -0.000027 -0.000044 
1 -0.133937 -0.209180 -0.004395 0.003438 -0.024467 -0.019553 -0.000011 -0.000027 -0.000040 
1 -0.150052 -0.045232 0.001578 -0.000020 -0.000040 0.000056 -0.000001 -0.000002 0.000004 
1 -0.149463 -0.047672 0.122153 -0.000146 -0.000267 0.000515 -0.000004 -0.000006 0.000013 
1 -0.147224 -0.053224 0.383850 -0.000406 -0.000707 0.001354 -0.000006 -0.000010 0.000015 
1 -0.162053 -0.093596 0.390020 -0.000422 -0.000721 0.001376 0.000012 0.000020 -0.000037 
1 -0.187904 -0.145860 0.112630 -0.000077 -0.000108 0.000238 -0.000003 -0.000004 0.000009 
1 -0.136485 -0.248908 0.040388 -0.000038 -0.000055 0.000048 0.000002 0.000003 -0.000008 
1 -0.128617 -0.259546 0.136013 -0.000170 -0.000250 0.000577 -0.000004 -0.000006 0.000018 
1 -0.123904 -0.253715 0.310665 -0.000470 -0.000707 0.001509 -0.000006 -0.000010 0.000018 
1 -0.118925 -0.240095 0.548295 -0.000876 -0.001369 0.002696 -0.000008 -0.000014 0.000024 
1 -0.111024 -0.223465 0.805730 -0.001411 -0.002198 0.003958 -0.000011 -0.000016 0.000017 
1 -0.100425 -0.206254 0.964314 -0.002068 -0.003160 0.004636 -0.000013 -0.000018 0.000015 
1 -0.090450 -0.189401 1.028370 -0.002827 -0.004241 0.005708 -0.000015 -0.000020 0.000021 
1 -0.081704 -0.175940 1.043740 -0.003688 -0.005409 0.007092 -0.000016 -0.000022 0.000027 
1 -0.073078 -0.168708 1.018790 -0.004657 -0.006634 0.008094 -0.000018 -0.000023 0.000010 
1 -0.066759 -0.167589 0.979551 -0.005728 -0.007918 0.008435 -0.000020 -0.000024 0.000000 
1 -0.065924 -0.171474 0.894016 -0.006889 -0.009255 0.008243 -0.000022 -0.000024 -0.000003 
1 -0.072710 -0.180892 0.765605 -0.008126 -0.010636 0.007811 -0.000023 -0.000025 -0.000012 
1 -0.087078 -0.195905 0.671755 -0.009412 -0.012057 0.006828 -0.000024 -0.000026 -0.000020 
1 -0.179020 -0.279925 0.368421 -0.006283 -0.007934 0.003681 0.000202 0.000257 -0.000127 
1 -0.293632 -0.382603 0.025051 -0.000117 -0.000125 -0.000440 -0.000004 -0.000005 -0.000016 
1 -0.296707 -0.382659 0.198835 -0.000467 -0.000508 -0.001368 -0.000008 -0.000009 -0.000018 
1 -0.305429 -0.379646 0.505233 -0.001023 -0.001146 -0.002515 -0.000011 -0.000014 -0.000022 
1 -0.321529 -0.371683 0.928463 -0.001724 -0.002023 -0.003816 -0.000014 -0.000018 -0.000026 
1 -0.341904 -0.360729 1.353210 -0.002521 -0.003107 -0.005057 -0.000015 -0.000021 -0.000015 
1 -0.360038 -0.346783 1.713890 -0.003388 -0.004397 -0.005966 -0.000016 -0.000025 -0.000019 
1 -0.373511 -0.327977 1.960810 -0.004276 -0.005881 -0.007205 -0.000016 -0.000028 -0.000026 
1 -0.380669 -0.303561 2.155360 -0.005110 -0.007520 -0.008432 -0.000014 -0.000031 -0.000010 
1 -0.378115 -0.274717 2.241960 -0.005884 -0.009268 -0.008671 -0.000014 -0.000032 -0.000004 
1 -0.363638 -0.243874 2.254780 -0.006655 -0.011085 -0.008256 -0.000014 -0.000033 0.000019 
1 -0.339260 -0.213455 2.174200 -0.007461 -0.012946 -0.006851 -0.000015 -0.000034 0.000029 
1 -0.310549 -0.184633 1.995330 -0.008256 -0.014838 -0.005460 -0.000014 -0.000034 0.000018 
1 -0.280935 -0.158367 1.806870 -0.008991 -0.016742 -0.004713 -0.000013 -0.000034 0.000014 
1 -0.249514 -0.135193 1.612710 -0.009674 -0.018634 -0.003931 -0.000012 -0.000034 0.000012 
1 -0.216146 -0.115290 1.427810 -0.010320 -0.020491 -0.003235 -0.000011 -0.000033 0.000012 
1 -0.182542 -0.099358 1.253150 -0.010920 -0.022302 -0.002782 -0.000010 -0.000032 0.000006 
1 -0.151104 -0.087639 1.053230 -0.011473 -0.024073 -0.002145 -0.000010 -0.000032 0.000020 
1 -0.123130 -0.079369 0.853040 -0.011988 -0.025801 -0.000774 -0.000009 -0.000031 0.000025 
1 -0.097832 -0.073466 0.676066 -0.012492 -0.027476 0.000260 -0.000009 -0.000030 0.000017 
1 -0.074560 -0.070257 0.573343 -0.013003 -0.029068 0.001305 -0.000009 -0.000028 0.000017 
1 -0.051712 -0.069038 0.500604 -0.013525 -0.030574 0.001821 -0.000009 -0.000027 0.000003 
1 -0.032282 -0.068956 0.414627 -0.014048 -0.032027 0.001890 -0.000009 -0.000026 0.000002 
1 -0.021065 -0.068104 0.301383 -0.014535 -0.033428 0.002292 -0.000008 -0.000025 0.000008 
1 -0.018105 -0.063310 0.216080 -0.014987 -0.034764 0.002358 -0.000008 -0.000023 -0.000006 
1 -0.020698 -0.052567 0.189085 -0.015425 -0.036019 0.001640 -0.000008 -0.000022 -0.000019 
1 -0.026803 -0.036101 0.187839 -0.015853 -0.037194 0.000612 -0.000008 -0.000020 -0.000018 
1 -0.037996 -0.017452 0.185895 -0.016259 -0.038285 -0.000327 -0.000007 -0.000019 -0.000018 
1 -0.052233 0.001298 0.173611 -0.016599 -0.039281 -0.001373 -0.000006 -0.000017 -0.000018 
1 -0.062784 0.019827 0.172207 -0.016879 -0.040181 -0.002493 -0.000005 -0.000015 -0.000022 
1 -0.068553 0.037545 0.207471 -0.017118 -0.040991 -0.003624 -0.000004 -0.000014 -0.000020 
1 -0.076071 0.052976 0.265354 -0.017289 -0.041705 -0.004428 -0.000002 -0.000012 -0.000010 
1 -0.087127 0.067044 0.334449 -0.017353 -0.042321 -0.005009 0.000000 -0.000010 -0.000008 
1 -0.095944 0.081731 0.339099 -0.017319 -0.042855 -0.005472 0.000001 -0.000009 -0.000010 
1 -0.096441 0.095690 0.335695 -0.017215 -0.043310 -0.005576 0.000003 -0.000007 0.000006 
1 -0.087012 0.107958 0.354980 -0.017033 -0.043665 -0.004934 0.000004 -0.000006 0.000014 
1 -0.069929 0.120471 0.396567 -0.016750 -0.043923 -0.003931 0.000006 -0.000004 0.000026 
1 -0.048861 0.133837 0.389451 -0.016375 -0.044099 -0.002503 0.000007 -0.000003 0.000019 
1 -0.027696 0.146674 0.350411 -0.015932 -0.044202 -0.001560 0.000009 -0.000001 0.000015 
1 -0.007245 0.157480 0.307650 -0.015421 -0.044199 -0.000800 0.000010 0.000001 0.000010 
1 0.012796 0.165588 0.282184 -0.014823 -0.044079 -0.000305 0.000012 0.000003 0.000014 
1 0.032886 0.168267 0.267749 -0.014130 -0.043863 0.000400 0.000013 0.000005 0.000008 
1 0.054864 0.162906 0.218948 -0.013355 -0.043571 0.001034 0.000015 0.000006 0.000012 
1 0.078712 0.151633 0.161614 -0.012490 -0.043219 0.001182 0.000016 0.000007 -0.000008 
1 0.178048 0.081639 0.042024 -0.004729 -0.017183 0.000270 0.000240 0.000860 -0.000016 
1 0.233918 0.040922 0.065125 0.000055 -0.000086 -0.000493 0.000002 -0.000003 -0.000020 
1 0.236824 0.040874 0.315857 0.000172 -0.000288 -0.002085 0.000003 -0.000005 -0.000035 
1 0.242786 0.040685 0.655721 0.000342 -0.000597 -0.004006 0.000003 -0.000006 -0.000032 
1 0.250143 0.040274 1.030050 0.000525 -0.000980 -0.004822 0.000003 -0.000007 0.000012 
1 0.254145 0.040502 1.397940 0.000694 -0.001419 -0.004125 0.000003 -0.000008 -0.000001 
1 0.250542 0.041809 1.760970 0.000872 -0.001901 -0.004970 0.000003 -0.000009 -0.000025 
1 0.240823 0.042971 2.090360 0.001059 -0.002428 -0.006535 0.000003 -0.000010 -0.000025 
1 0.228375 0.045341 2.308800 0.001231 -0.002993 -0.007595 0.000003 -0.000010 -0.000014 
1 0.212563 0.052155 2.426230 0.001387 -0.003586 -0.008343 0.000003 -0.000011 -0.000015 
1 0.192712 0.063126 2.492520 0.001542 -0.004182 -0.008925 0.000003 -0.000011 -0.000004 
1 0.173457 0.074490 2.459510 0.001672 -0.004750 -0.008856 0.000002 -0.000010 0.000001 
1 0.157949 0.084396 2.342310 0.001748 -0.005287 -0.008687 0.000001 -0.000009 0.000009 
1 0.142653 0.093342 2.167610 0.001782 -0.005783 -0.007788 0.000000 -0.000008 0.000022 
1 0.126746 0.100776 1.974180 0.001785 -0.006219 -0.006567 0.000000 -0.000007 0.000022 
1 0.112531 0.104042 1.760410 0.001722 -0.006573 -0.005336 -0.000002 -0.000006 0.000025 
1 0.098751 0.102910 1.544020 0.001575 -0.006849 -0.003877 -0.000003 -0.000004 0.000025 
1 0.084738 0.097865 1.344120 0.001340 -0.007053 -0.002625 -0.000005 -0.000003 0.000018 
1 0.071177 0.089138 1.101160 0.001011 -0.007186 -0.001621 -0.000007 -0.000002 0.000019 
1 0.060697 0.077478 0.835367 0.000578 -0.007257 -0.000517 -0.000009 -0.000001 0.000026 
1 0.054344 0.063687 0.650795 0.000045 -0.007263 0.001269 -0.000010 0.000001 0.000035 
1 0.051396 0.047907 0.509788 -0.000578 -0.007192 0.003112 -0.000012 0.000002 0.000032 
1 0.049570 0.030785 0.389080 -0.001288 -0.007061 0.004887 -0.000013 0.000003 0.000033 
1 0.046084 0.012515 0.280992 -0.002054 -0.006890 0.006909 -0.000014 0.000003 0.000032 
1 0.041759 -0.005555 0.163854 -0.002844 -0.006688 0.008043 -0.000014 0.000004 0.000010 
1 0.036388 -0.023182 0.066952 -0.003654 -0.006458 0.008570 -0.000015 0.000004 0.000011 
1 -0.014361 -0.037380 0.013268 -0.003050 -0.004368 0.006281 0.000082 0.000126 -0.000177 
1 -0.114462 -0.036287 0.036318 -0.000024 -0.000004 0.000000 -0.000001 0.000000 0.000000 
1 -0.110103 -0.030743 0.260346 -0.000099 -0.000034 -0.000239 -0.000002 -0.000001 -0.000009 
1 -0.098629 -0.018336 0.580229 -0.000238 -0.000088 -0.000615 -0.000003 -0.000001 0.000002 
1 -0.081333 0.000267 0.971083 -0.000443 -0.000127 0.000463 -0.000004 0.000000 0.000025 
1 -0.061002 0.024179 1.414200 -0.000688 -0.000133 0.001461 -0.000005 0.000000 0.000014 
1 -0.040863 0.052060 1.852970 -0.000957 -0.000094 0.001941 -0.000005 0.000001 0.000002 
1 -0.022228 0.080208 2.184650 -0.001219 -0.000010 0.001608 -0.000005 0.000002 -0.000012 
1 -0.003330 0.106392 2.402010 -0.001470 0.000134 0.001055 -0.000004 0.000003 -0.000007 
1 0.038356 0.280571 0.504939 -0.000323 0.000060 0.000164 0.000032 -0.000004 -0.000017 
1 0.047347 0.320816 0.194539 -0.000003 0.000090 -0.000004 0.000000 0.000002 0.000000 
1 0.053593 0.320592 0.624281 -0.000031 0.000271 0.000051 -0.000001 0.000004 0.000000 
1 0.066821 0.319748 1.148830 -0.000112 0.000567 0.000040 -0.000002 0.000006 0.000000 
1 0.085395 0.319864 1.743170 -0.000239 0.000995 0.000485 -0.000002 0.000009 0.000022 
1 0.225076 0.210722 0.870429 -0.000136 0.000560 0.000590 0.000006 -0.000025 -0.000021 
1 0.308987 0.136526 0.159951 -0.000045 0.000135 0.000715 -0.000001 0.000004 0.000013 
1 0.310920 0.130702 0.485577 -0.000163 0.000473 0.001237 -0.000003 0.000008 0.000011 
1 0.312197 0.121205 0.894392 -0.000385 0.001023 0.001712 -0.000005 0.000012 0.000003 
1 0.311791 0.107032 1.365180 -0.000733 0.001774 0.001568 -0.000007 0.000015 -0.000008 
1 0.310638 0.087268 1.797160 -0.001193 0.002682 0.001040 -0.000009 0.000018 -0.000010 
1 0.310658 0.061615 2.108270 -0.001741 0.003736 0.000482 -0.000011 0.000020 -0.000009 
1 0.313180 0.032145 2.296730 -0.002394 0.004923 -0.000024 -0.000013 0.000023 -0.000013 
1 0.317635 0.001732 2.410140 -0.003199 0.006230 -0.000721 -0.000016 0.000024 -0.000013 
1 0.321465 -0.027629 2.432590 -0.004167 0.007622 -0.001827 -0.000019 0.000026 -0.000024 
1 0.318218 -0.072686 2.112410 -0.004678 0.008097 -0.002694 0.000095 -0.000168 0.000051 
1 0.280329 -0.220139 0.016472 -0.000079 0.000056 0.000197 -0.000004 0.000003 0.000007 
1 0.279653 -0.219628 0.127986 -0.000492 0.000320 0.000885 -0.000011 0.000007 0.000016 
1 0.271643 -0.218572 0.274709 -0.001271 0.000791 0.001625 -0.000017 0.000010 0.000008 
1 0.253401 -0.217468 0.422749 -0.002340 0.001438 0.002241 -0.000021 0.000013 0.000023 
1 0.226919 -0.214958 0.512877 -0.003644 0.002231 0.003580 -0.000025 0.000016 0.000021 
1 0.195613 -0.209189 0.553291 -0.005162 0.003158 0.005214 -0.000029 0.000018 0.000037 
1 0.161027 -0.199710 0.611807 -0.006875 0.004205 0.007183 -0.000032 0.000020 0.000032 
0 0.123494 -0.185416 0.609548 -0.008726 0.005347 0.008643 -0.000034 0.000021 0.000021 
2 -5.177310 0.468014 -6.665580 0.107833 0.043319 -0.012619 -0.000117 0.000042 -0.000121 
2 -5.514110 0.506758 -5.184760 0.101355 0.045496 -0.016644 -0.000115 0.000037 -0.000017 
2 -5.915820 0.587658 -3.366950 0.095165 0.047419 -0.014569 -0.000107 0.000032 0.000073 
2 -6.351370 0.692873 -2.378550 0.089375 0.049104 -0.009653 -0.000101 0.000028 0.000102 
2 -6.891160 0.798046 -1.739540 0.083958 0.050557 -0.003093 -0.000093 0.000024 0.000133 
2 -7.524030 0.897906 -1.180620 0.079027 0.051761 0.004425 -0.000084 0.000019 0.000135 
2 -8.232710 0.983648 -0.976487 0.074566 0.052706 0.011924 -0.000076 0.000015 0.000135 
2 -9.006010 1.043730 -0.766101 0.070596 0.053382 0.019135 -0.000067 0.000010 0.000122 
2 -9.819050 1.077350 -0.498460 0.067148 0.053782 0.025438 -0.000058 0.000005 0.000106 
2 -10.642500 1.084360 -0.219070 0.064204 0.053920 0.030796 -0.000048 0.000000 0.000087 
2 -11.443900 1.064650 0.014740 0.061760 0.053811 0.035727 -0.000040 -0.000004 0.000091 
2 -12.192700 1.016780 0.136873 0.059790 0.053477 0.040971 -0.000031 -0.000008 0.000094 
2 -12.864400 0.943305 0.244756 0.058257 0.052953 0.045261 -0.000024 -0.000011 0.000057 
2 -13.437600 0.848490 0.369821 0.057111 0.052265 0.047894 -0.000017 -0.000014 0.000047 
2 -13.893100 0.736767 0.519022 0.056342 0.051414 0.051120 -0.000010 -0.000017 0.000068 
2 -14.217000 0.611979 0.674282 0.055959 0.050402 0.054596 -0.000004 -0.000020 0.000047 
2 -14.398200 0.477720 0.822787 0.055909 0.049235 0.056305 0.000002 -0.000022 0.000019 
2 -14.431000 0.337234 0.979518 0.056153 0.047919 0.057226 0.000007 -0.000025 0.000020 
2 -3.583870 -0.238520 -1.264240 0.064011 -0.040173 -0.323498 -0.000089 0.000008 0.000013 
2 -3.971940 -0.011580 -0.705811 0.059296 -0.039683 -0.316528 -0.000081 0.000010 0.000234 
2 -4.407820 0.158140 -0.179442 0.054995 -0.039058 -0.298292 -0.000074 0.000013 0.000411 
2 -4.948750 0.273404 0.183052 0.051164 -0.038284 -0.271494 -0.000064 0.000015 0.000549 
2 -5.581740 0.345156 0.309927 0.047830 -0.037371 -0.237903 -0.000056 0.000018 0.000651 
2 -6.305610 0.384382 0.292227 0.044947 -0.036323 -0.200517 -0.000048 0.000020 0.000692 
2 -7.109280 0.408156 0.111690 0.042500 -0.035131 -0.161824 -0.000040 0.000023 0.000698 
2 -7.962440 0.422094 -0.224344 0.040524 -0.033802 -0.125294 -0.000031 0.000025 0.000594 
2 -8.820320 0.427433 -0.580830 0.039012 -0.032366 -0.092524 -0.000023 0.000026 0.000591 
2 -9.631890 0.432211 -0.809096 0.037905 -0.030884 -0.060995 -0.000017 0.000027 0.000544 
2 -10.349900 0.445243 -0.837220 0.037133 -0.029405 -0.032041 -0.000011 0.000026 0.000505 
2 -10.935500 0.465092 -0.722556 0.036674 -0.027945 -0.004670 -0.000006 0.000026 0.000470 
2 -11.358100 0.482838 -0.564828 0.036496 -0.026500 0.020786 -0.000001 0.000026 0.000435 
2 -11.592200 0.496750 -0.404801 0.036519 -0.025072 0.041413 0.000002 0.000026 0.000312 
2 -11.619200 0.508517 -0.230046 0.036682 -0.023668 0.056062 0.000004 0.000025 0.000225 
2 -11.429500 0.517162 -0.051744 0.037005 -0.022288 0.066310 0.000007 0.000025 0.000135 
2 -11.020800 0.524961 0.099263 0.037518 -0.020943 0.070423 0.000011 0.000024 0.000018 
2 -10.393900 0.532105 0.199950 0.038211 -0.019637 0.069653 0.000014 0.000023 -0.000034 
2 -9.557990 0.539406 0.289033 0.038991 -0.018389 0.066135 0.000014 0.000022 -0.000110 
2 -8.535760 0.547752 0.428825 0.039795 -0.017203 0.057421 0.000015 0.000021 -0.000202 
2 -7.360800 0.553069 0.640243 0.040597 -0.016074 0.044602 0.000014 0.000020 -0.000253 
2 -6.079160 0.548285 0.815513 0.041335 -0.015001 0.029068 0.000012 0.000019 -0.000312 
2 -4.748500 0.527793 0.914124 0.041945 -0.013990 0.010362 0.000009 0.000018 -0.000342 
2 -3.425500 0.490245 0.984313 0.042344 -0.013057 -0.007398 0.000005 0.000016 -0.000290 
2 -2.172480 0.436011 0.985772 0.042499 -0.012186 -0.021696 0.000000 0.000015 -0.000228 
2 -1.051900 0.369855 0.848823 0.042382 -0.011350 -0.032967 -0.000004 0.000015 -0.000184 
2 -0.092282 0.302954 0.609067 0.042016 -0.010542 -0.042035 -0.000009 0.000014 -0.000135 
2 0.696758 0.246308 0.383996 0.041377 -0.009770 -0.048116 -0.000014 0.000014 -0.000090 
2 1.306540 0.203534 0.203649 0.040470 -0.009031 -0.051750 -0.000019 0.000013 -0.000043 
2 1.733630 0.174188 0.066664 0.039330 -0.008334 -0.053700 -0.000022 0.000012 -0.000031 
2 1.990910 0.155217 -0.032082 0.038024 -0.007670 -0.055055 -0.000025 0.000012 -0.000011 
2 2.101300 0.143246 -0.151657 0.036603 -0.007012 -0.054804 -0.000027 0.000012 0.000017 
2 2.088030 0.140848 -0.359594 0.035064 -0.006354 -0.053358 -0.000029 0.000012 0.000036 
2 1.973320 0.153793 -0.546976 0.033398 -0.005689 -0.050662 -0.000031 0.000012 0.000065 
2 1.778280 0.180700 -0.635694 0.031599 -0.005024 -0.046347 -0.000034 0.000012 0.000078 
2 1.519280 0.217931 -0.678906 0.029698 -0.004361 -0.041482 -0.000035 0.000012 0.000099 
2 1.211720 0.261985 -0.731146 0.027778 -0.003708 -0.037361 -0.000034 0.000012 0.000064 
2 0.868629 0.308241 -0.743335 0.025900 -0.003060 -0.032869 -0.000033 0.000012 0.000095 
2 0.501535 0.351323 -0.682177 0.024076 -0.002407 -0.027606 -0.000032 0.000012 0.000089 
2 0.121644 0.391852 -0.585432 0.022323 -0.001749 -0.022184 -0.000031 0.000012 0.000105 
2 -0.262738 0.431308 -0.514578 0.020650 -0.001095 -0.015994 -0.000029 0.000012 0.000103 
2 -0.645164 0.469098 -0.429842 0.019044 -0.000455 -0.012961 -0.000028 0.000011 0.000008 
2 -1.020860 0.501930 -0.406186 0.017508 0.000192 -0.015688 -0.000027 0.000012 -0.000104 
2 -1.385420 0.529738 -0.461420 0.016015 0.000893 -0.024161 -0.000027 0.000013 -0.000207 
2 -1.742400 0.555179 -0.502986 0.014505 0.001633 -0.037818 -0.000027 0.000014 -0.000275 
2 -2.106370 0.577336 -0.495618 0.013047 0.002403 -0.053802 -0.000025 0.000014 -0.000283 
2 -2.499080 0.594224 -0.448250 0.011731 0.003190 -0.067638 -0.000022 0.000014 -0.000213 
2 -2.942620 0.607084 -0.349500 0.010601 0.003976 -0.077240 -0.000019 0.000014 -0.000132 
2 -3.457250 0.616353 -0.252502 0.009665 0.004753 -0.081103 -0.000015 0.000014 -0.000008 
2 -4.058490 0.621198 -0.238350 0.008925 0.005530 -0.079657 -0.000012 0.000014 0.000044 
2 -4.754570 0.622604 -0.291286 0.008411 0.006306 -0.077700 -0.000007 0.000014 0.000022 
2 -5.542210 0.622304 -0.364956 0.008212 0.007070 -0.077427 -0.000001 0.000014 -0.000008 
2 -6.413790 0.621478 -0.435716 0.008338 0.007813 -0.078903 0.000005 0.000013 -0.000049 
2 -7.361560 0.620413 -0.547937 0.008800 0.008540 -0.083145 0.000011 0.000013 -0.000105 
2 -8.381050 0.616133 -0.802321 0.009605 0.009258 -0.090580 0.000017 0.000013 -0.000166 
2 -9.472180 0.604954 -1.086230 0.010732 0.009954 -0.102175 0.000023 0.000012 -0.000248 
2 -10.647800 0.588232 -1.367670 0.012284 0.010621 -0.112720 0.000033 0.000012 -0.000130 
2 -11.934100 0.559228 -1.560210 0.014458 0.011281 -0.120343 0.000046 0.000012 -0.000147 
2 -13.361600 0.500681 -1.615550 0.017305 0.011923 -0.129332 0.000057 0.000011 -0.000179 
2 -14.962300 0.391430 -1.471180 0.020716 0.012511 -0.139910 0.000066 0.000010 -0.000205 
2 -16.763399 0.217381 -1.118200 0.024610 0.013016 -0.153190 0.000073 0.000008 -0.000288 
2 -18.785601 -0.035377 -0.589118 0.028781 0.013463 -0.172837 0.000076 0.000008 -0.000416 
2 -21.052999 -0.404552 0.208681 0.032818 0.013930 -0.198853 0.000068 0.000010 -0.000519 
2 -23.634399 -0.899664 1.677830 0.036116 0.014587 -0.227103 0.000050 0.000015 -0.000460 
2 -26.624001 -1.445960 3.601120 0.038185 0.015725 -0.254666 0.000021 0.000027 -0.000557 
2 -30.159201 -1.973490 5.374410 0.038006 0.017667 -0.290390 -0.000032 0.000043 -0.000737 
2 -34.459000 -2.521880 8.498730 0.034451 0.020458 -0.338389 -0.000096 0.000057 -0.001013 
2 -14.312500 0.195067 1.104860 0.056625 0.046468 0.058132 0.000010 -0.000027 0.000001 
2 -14.042300 0.053299 1.155770 0.057283 0.044903 0.057475 0.000013 -0.000029 -0.000020 
2 -13.621600 -0.083287 1.104240 0.058102 0.043240 0.056188 0.000016 -0.000031 -0.000030 
2 -13.050100 -0.209775 1.041450 0.059016 0.041484 0.053928 0.000017 -0.000032 -0.000046 
2 -12.330700 -0.321081 0.967567 0.059948 0.039651 0.051386 0.000017 -0.000034 -0.000049 
2 -11.470300 -0.412778 0.832743 0.060914 0.037748 0.048322 0.000018 -0.000035 -0.000056 
2 -10.477500 -0.480327 0.631737 0.061932 0.035793 0.045302 0.000018 -0.000036 -0.000061 
2 -9.359420 -0.523218 0.452210 0.062894 0.033804 0.040087 0.000016 -0.000036 -0.000129 
2 -8.123940 -0.539882 0.311456 0.063711 0.031800 0.031789 0.000013 -0.000036 -0.000155 
2 -6.786370 -0.531486 0.190406 0.064315 0.029797 0.022383 0.000009 -0.000036 -0.000192 
2 -5.377700 -0.500378 0.063650 0.064686 0.027829 0.009861 0.000004 -0.000035 -0.000254 
2 -3.937240 -0.447858 -0.040301 0.064797 0.025924 -0.004568 -0.000001 -0.000034 -0.000264 
2 2.933270 0.350697 -0.001817 0.006491 0.002495 -0.001895 -0.001294 -0.000498 0.000218 
2 3.641090 0.435176 0.067423 0.000141 0.000055 -0.003727 0.000003 0.000002 -0.000069 
2 3.751800 0.427673 0.253715 0.000369 0.000164 -0.008304 0.000004 0.000002 -0.000097 
2 3.928250 0.405943 0.952864 0.000599 0.000309 -0.028240 0.000003 0.000003 -0.000993 
2 3.864110 0.311899 2.981480 0.000724 0.000442 -0.094374 0.000001 0.000002 -0.000963 
2 3.428200 0.130536 4.068940 0.000753 0.000484 -0.129769 0.000000 0.000000 -0.000331 
2 2.712710 -0.108303 4.141940 0.000729 0.000421 -0.133410 -0.000001 -0.000002 0.000174 
2 1.786190 -0.396726 3.358140 0.000721 0.000224 -0.113077 0.000001 -0.000005 0.000532 
2 0.709693 -0.722111 2.204140 0.000815 -0.000136 -0.077372 0.000003 -0.000008 0.000731 
2 -0.485767 -1.071360 1.355530 0.001025 -0.000626 -0.034456 0.000005 -0.000010 0.000819 
2 -1.764550 -1.415690 0.896131 0.001401 -0.001258 0.012224 0.000009 -0.000013 0.000834 
2 -3.066930 -1.727050 0.871671 0.002063 -0.002019 0.057716 0.000015 -0.000015 0.000796 
2 -4.324120 -1.991450 0.854804 0.003036 -0.002882 0.098026 0.000020 -0.000016 0.000650 
2 -5.461300 -2.203500 0.659633 0.004279 -0.003807 0.129901 0.000025 -0.000017 0.000498 
2 -6.411070 -2.363100 0.215300 0.005763 -0.004747 0.153609 0.000028 -0.000017 0.000357 
2 -7.123020 -2.467650 -0.436881 0.007407 -0.005669 0.169975 0.000031 -0.000016 0.000223 
2 -7.562550 -2.511520 -1.101260 0.009136 -0.006560 0.175123 0.000032 -0.000016 -0.000040 
2 -7.716870 -2.490500 -1.646080 0.010922 -0.007414 0.166962 0.000033 -0.000015 -0.000239 
2 -7.591280 -2.401370 -2.234120 0.012755 -0.008212 0.150006 0.000033 -0.000014 -0.000358 
2 -7.209890 -2.243600 -2.732720 0.014604 -0.008951 0.128216 0.000033 -0.000013 -0.000423 
2 -6.614710 -2.022890 -3.036890 0.016405 -0.009619 0.103187 0.000032 -0.000011 -0.000467 
2 -5.856620 -1.750100 -3.155070 0.018105 -0.010207 0.077256 0.000030 -0.000010 -0.000469 
2 -4.991260 -1.434580 -3.102720 0.019660 -0.010720 0.052004 0.000026 -0.000008 -0.000429 
2 -4.076440 -1.087480 -3.010470 0.021023 -0.011137 0.029247 0.000023 -0.000007 -0.000398 
2 -3.164260 -0.720909 -2.882920 0.022214 -0.011452 0.007628 0.000020 -0.000005 -0.000373 
2 -2.297940 -0.345689 -2.768410 0.023223 -0.011667 -0.011443 0.000016 -0.000003 -0.000317 
2 -1.511730 0.024929 -2.618860 0.023996 -0.011781 -0.027550 0.000012 -0.000001 -0.000261 
2 -0.832423 0.380222 -2.427470 0.024504 -0.011785 -0.040110 0.000007 0.000001 -0.000186 
2 -0.277164 0.714112 -2.203610 0.024704 -0.011661 -0.048510 0.000000 0.000004 -0.000115 
2 0.144105 1.017350 -1.900580 0.024545 -0.011373 -0.053287 -0.000006 0.000007 -0.000053 
2 0.431221 1.283490 -1.497200 0.024122 -0.010918 -0.054075 -0.000009 0.000009 0.000014 
2 0.596271 1.507270 -1.121410 0.023503 -0.010333 -0.052166 -0.000013 0.000012 0.000067 
2 0.655714 1.684970 -0.734367 0.022720 -0.009642 -0.044829 -0.000015 0.000013 0.000173 
2 0.626345 1.817640 -0.372064 0.021832 -0.008859 -0.035947 -0.000016 0.000015 0.000135 
2 0.528193 1.908090 -0.074463 0.020894 -0.008015 -0.029480 -0.000017 0.000016 0.000107 
2 0.381176 1.958760 0.169852 0.019913 -0.007132 -0.021903 -0.000018 0.000016 0.000165 
2 0.206191 1.975130 0.348693 0.018908 -0.006230 -0.014668 -0.000018 0.000016 0.000093 
2 0.018518 1.962580 0.469647 0.017873 -0.005335 -0.011131 -0.000019 0.000016 0.000037 
2 -0.175556 1.923770 0.587745 0.016803 -0.004457 -0.008863 -0.000019 0.000016 0.000064 
2 -0.371173 1.859980 0.626310 0.015717 -0.003597 -0.006026 -0.000020 0.000015 0.000026 
2 -0.567991 1.776230 0.577081 0.014596 -0.002759 -0.005459 -0.000020 0.000015 -0.000005 
2 -0.770411 1.676820 0.463015 0.013446 -0.001950 -0.006057 -0.000021 0.000014 -0.000008 
2 -0.987337 1.564940 0.318895 0.012281 -0.001175 -0.006508 -0.000021 0.000014 -0.000016 
2 -1.227920 1.442650 0.164542 0.011101 -0.000427 -0.006973 -0.000021 0.000013 0.000004 
2 -1.502750 1.311360 0.043257 0.009946 0.000289 -0.005967 -0.000020 0.000013 0.000034 
2 -1.819200 1.175370 -0.036344 0.008883 0.000966 -0.003354 -0.000018 0.000012 0.000057 
2 -2.179710 1.039460 -0.132062 0.007941 0.001601 0.000818 -0.000016 0.000011 0.000103 
2 -2.581750 0.906441 -0.250770 0.007159 0.002200 0.006639 -0.000012 0.000011 0.000095 
2 -3.017640 0.777902 -0.365643 0.006569 0.002771 0.011696 -0.000009 0.000010 0.000098 
2 -3.473910 0.654955 -0.467733 0.006162 0.003320 0.017860 -0.000006 0.000010 0.000117 
2 -3.935240 0.539337 -0.530641 0.005899 0.003831 0.024530 -0.000004 0.000009 0.000119 
2 -4.384510 0.434010 -0.531558 0.005758 0.004296 0.029796 -0.000001 0.000008 0.000064 
2 -4.803630 0.340300 -0.460052 0.005724 0.004713 0.031935 0.000000 0.000007 0.000014 
2 -5.175980 0.260068 -0.328846 0.005776 0.005079 0.031776 0.000002 0.000006 -0.000018 
2 -5.491030 0.194125 -0.191366 0.005906 0.005398 0.030063 0.000003 0.000005 -0.000047 
2 -5.745810 0.141568 -0.089751 0.006124 0.005668 0.026311 0.000005 0.000004 -0.000084 
2 -5.941870 0.102220 -0.036601 0.006448 0.005892 0.020939 0.000007 0.000004 -0.000106 
2 -6.085870 0.072888 -0.021165 0.006882 0.006092 0.015182 0.000009 0.000003 -0.000098 
2 -6.185380 0.050940 -0.027986 0.007424 0.006276 0.009446 0.000010 0.000003 -0.000115 
2 -6.249630 0.032698 -0.044340 0.008038 0.006439 0.003644 0.000012 0.000003 -0.000093 
2 -6.288030 0.015292 -0.025984 0.008710 0.006572 -0.001801 0.000012 0.000002 -0.000093 
2 -6.311430 -0.000858 0.035849 0.009433 0.006683 -0.006430 0.000014 0.000002 -0.000083 
2 -6.332250 -0.015279 0.068401 0.010228 0.006768 -0.010952 0.000015 0.000001 -0.000075 
2 -6.355890 -0.028425 0.073036 0.011074 0.006841 -0.014848 0.000015 0.000001 -0.000065 
2 -6.383920 -0.041104 0.065562 0.011943 0.006902 -0.017409 0.000016 0.000001 -0.000025 
2 -6.416580 -0.053735 0.058895 0.012805 0.006937 -0.017756 0.000015 0.000000 0.000002 
2 -6.454690 -0.065352 0.063900 0.013641 0.006946 -0.016994 0.000015 0.000000 0.000031 
2 -6.499320 -0.076559 0.023764 0.014505 0.006936 -0.015154 0.000016 0.000000 0.000033 
2 -6.547520 -0.089336 0.004259 0.015432 0.006916 -0.012518 0.000017 -0.000001 0.000057 
2 -6.592940 -0.100088 0.029635 0.016383 0.006868 -0.009498 0.000017 -0.000001 0.000053 
2 -6.625080 -0.109797 0.056771 0.017337 0.006787 -0.006781 0.000017 -0.000002 0.000038 
2 -6.633450 -0.121347 0.073824 0.018285 0.006688 -0.005529 0.000017 -0.000002 0.000004 
2 -6.612970 -0.133535 0.043775 0.019235 0.006575 -0.005751 0.000017 -0.000002 0.000002 
2 -6.546530 -0.144589 0.038271 0.020205 0.006433 -0.005497 0.000018 -0.000003 -0.000008 
2 -6.408310 -0.151364 0.039212 0.021173 0.006266 -0.006485 0.000017 -0.000003 -0.000018 
2 -6.203470 -0.153493 0.024404 0.022112 0.006089 -0.007539 0.000017 -0.000003 -0.000026 
2 -5.944270 -0.149484 -0.025489 0.023023 0.005889 -0.009005 0.000016 -0.000004 -0.000022 
2 -5.642370 -0.137703 -0.104038 0.023894 0.005663 -0.009713 0.000015 -0.000004 -0.000010 
2 -5.309400 -0.118181 -0.183852 0.024678 0.005405 -0.010755 0.000013 -0.000005 -0.000019 
2 -4.955860 -0.090003 -0.267777 0.025383 0.005122 -0.011706 0.000012 -0.000005 -0.000023 
0 0.172094 0.092086 0.000738 0.000000 -0.000013 0.000000 0.000000 -0.000001 0.000000 
0 0.172455 0.092370 0.003962 -0.000003 -0.000074 0.000000 0.000000 -0.000001 0.000000 
0 0.172693 0.092644 0.007351 -0.000015 -0.000152 0.000000 0.000000 -0.000001 0.000000 
